 &SRS
 SRSRUN=435,SRSDAT=201229,SRSTIM=5928,
 SRSSTN='null',SRSPRJ='null    ',SRSEXP='null    ',
 SRSTLE='                                                            ',
 SRSCN1='        ',SRSCN2='        ',SRSCN3='        ',
<MetaDataAtStart>
cmd='scan th -0.2 8.2 0.005 mac116 1'
date='Fri Mar  9 17:09:17 2012'
idd_gap=   16
idd_rowphase1=15.172
idd_rowphase2=    0
idd_rowphase3=15.172
idd_rowphase4=    0
idd_jawphase=6.969
idd_sepphase=    0
idu_gap=   50
idu_rowphase1=-0.004
idu_rowphase2=-0.004
idu_rowphase3=-0.064
idu_rowphase4=-0.064
idu_jawphase=    0
idu_sepphase=    0
pgm_energy=  712
s4xgap=6.7643
s4ygap=-0.9997
th=    4
tth=    8
thp=-3.9949e-05
ttp=    0
eta=0.00011813
sx=4.7099
sy=    5
sz= 0.22
</MetaDataAtStart>
 &END
th	th_enc	tth_enc	mac116	mac119	mac117
-0.20000	-4.5775	47.354	3567		106705		693938
-0.19500	-4.5728	47.354	3565		106662		693817
-0.19000	-4.5681	47.354	3557		106810		693782
-0.18500	-4.5631	47.354	3556		106734		692975
-0.18000	-4.5583	47.354	3559		106692		693451
-0.17500	-4.5533	47.354	3562		106673		693495
-0.17000	-4.5483	47.354	3561		106823		693180
-0.16500	-4.5433	47.354	3558		106809		692958
-0.16000	-4.5386	47.354	3556		106723		693409
-0.15500	-4.5336	47.354	3555		106626		693456
-0.15000	-4.5286	47.354	3551		106771		693543
-0.14500	-4.5239	47.354	3554		106787		693164
-0.14000	-4.5189	47.354	3558		106703		693374
-0.13500	-4.5139	47.354	3545		106661		693529
-0.13000	-4.5089	47.354	3552		106669		693398
-0.12500	-4.5042	47.354	3552		106744		693639
-0.12000	-4.4992	47.354	3548		106712		693698
-0.11500	-4.4942	47.354	3547		106661		692793
-0.11000	-4.4892	47.354	3552		106621		693257
-0.10500	-4.4842	47.354	3549		106773		693228
-0.10000	-4.4839	47.354	3549		106723		693932
-0.095005	-4.4839	47.354	3550		106643		693067
-0.090004	-4.4794	47.354	3549		106639		694184
-0.084994	-4.4744	47.354	3545		106728		693832
-0.080004	-4.4694	47.354	3550		106787		694156
-0.075004	-4.4644	47.354	3552		106661		693306
-0.070004	-4.4594	47.354	3549		106224		694091
-0.065003	-4.4544	47.354	3547		106391		693316
-0.060003	-4.4494	47.354	3542		106764		694009
-0.055003	-4.4444	47.354	3543		107217		693633
-0.049993	-4.4394	47.354	3549		107627		693617
-0.045003	-4.4344	47.354	3539		107549		693684
-0.040002	-4.4294	47.354	3539		107540		692979
-0.035002	-4.4247	47.354	3537		107631		692836
-0.030002	-4.4197	47.354	3538		107657		693097
-0.025002	-4.4144	47.354	3538		107569		693570
-0.020002	-4.4097	47.354	3533		107501		693289
-0.015001	-4.4044	47.354	3541		107600		692877
-0.010001	-4.3994	47.354	3533		107707		692902
-0.0050011	-4.3944	47.354	3535		107669		692755
-8.9400e-07	-4.3894	47.354	3536		107610		692664
0.0049993	-4.3844	47.354	3532		107551		693014
0.0099995	-4.3797	47.354	3535		107690		692069
0.015000	-4.3747	47.354	3532		107651		691839
0.020000	-4.3697	47.354	3532		107571		691763
0.025000	-4.3647	47.354	3524		107565		692327
0.030000	-4.3597	47.354	3531		107468		692748
0.035000	-4.3547	47.354	3529		107612		692163
0.040001	-4.3497	47.354	3523		107579		692078
0.045001	-4.3447	47.354	3527		107536		692545
0.050001	-4.3394	47.354	3526		107495		692564
0.055001	-4.3347	47.354	3523		107577		692854
0.060001	-4.3297	47.354	3524		107632		693416
0.065002	-4.3247	47.354	3523		107552		692922
0.070002	-4.3194	47.354	3505		107519		693176
0.075002	-4.3147	47.354	3511		107457		692786
0.080002	-4.3097	47.354	3510		107609		693742
0.085002	-4.3044	47.354	3525		107546		693648
0.090003	-4.2994	47.354	3532		107569		692594
0.095003	-4.2944	47.354	3532		107503		692981
0.10000	-4.2894	47.354	3514		107488		693703
0.10500	-4.2844	47.354	3531		107622		692814
0.11000	-4.2794	47.354	3528		107569		692997
0.11500	-4.2744	47.354	3529		107532		692987
0.12000	-4.2694	47.354	3528		107479		693222
0.12500	-4.2644	47.354	3549		107539		692772
0.13000	-4.2594	47.354	3550		107491		693540
0.13500	-4.2544	47.354	3540		107491		693875
0.14000	-4.2494	47.354	3551		107494		693664
0.14500	-4.2444	47.354	3549		107377		693782
0.15000	-4.2394	47.354	3552		107597		693248
0.15500	-4.2344	47.354	3553		107549		693531
0.16000	-4.2294	47.354	3541		107505		693869
0.16500	-4.2244	47.354	3548		107417		694760
0.17000	-4.2194	47.354	3551		107377		694583
0.17500	-4.2144	47.354	3550		107551		694276
0.18001	-4.2092	47.354	3551		107508		693463
0.18500	-4.2042	47.354	3552		107484		693650
0.19000	-4.1992	47.354	3553		107414		693946
0.19500	-4.1942	47.354	3554		107329		694411
0.20000	-4.1892	47.354	3553		107509		693919
0.20500	-4.1842	47.354	3556		107470		693668
0.21000	-4.1792	47.354	3560		107406		693574
0.21501	-4.1742	47.354	3550		107373		693468
0.22000	-4.1692	47.354	3556		107351		692967
0.22500	-4.1642	47.354	3562		107457		693195
0.23000	-4.1592	47.354	3562		107483		693351
0.23500	-4.1542	47.354	3570		107422		693249
0.24000	-4.1492	47.354	3567		107399		693011
0.24500	-4.1439	47.354	3565		107395		693237
0.25000	-4.1392	47.354	3566		107514		694364
0.25500	-4.1342	47.354	3572		107479		694264
0.26000	-4.1292	47.354	3570		107367		694481
0.26500	-4.1242	47.354	3570		107393		694975
0.27000	-4.1192	47.354	3571		107370		694049
0.27500	-4.1142	47.354	3567		107449		694579
0.28000	-4.1092	47.354	3564		107430		694612
0.28500	-4.1042	47.354	3558		107380		694780
0.29000	-4.0992	47.354	3563		107335		694033
0.29500	-4.0942	47.354	3579		107430		694553
0.30000	-4.0889	47.354	3590		107456		694509
0.30500	-4.0842	47.354	3597		107390		694403
0.31000	-4.0792	47.354	3597		107365		693484
0.31500	-4.0742	47.354	3609		107289		694534
0.32000	-4.0692	47.354	3614		107358		693791
0.32500	-4.0642	47.354	3620		107468		693837
0.33000	-4.0592	47.354	3623		107337		693757
0.33500	-4.0542	47.354	3613		107330		694173
0.34000	-4.0492	47.354	3614		107241		694093
0.34500	-4.0442	47.354	3606		107404		693206
0.35000	-4.0392	47.354	3600		107387		694298
0.35500	-4.0342	47.354	3593		107371		693813
0.36000	-4.0292	47.354	3603		107309		693128
0.36500	-4.0242	47.354	3596		107233		693254
0.37000	-4.0192	47.354	3585		107332		693459
0.37500	-4.0142	47.354	3590		107357		693719
0.38000	-4.0092	47.354	3596		107390		693446
0.38500	-4.0042	47.354	3597		107303		693569
0.39000	-3.9992	47.354	3610		107272		693221
0.39500	-3.9942	47.354	3620		107409		692994
0.40000	-3.9892	47.354	3608		107362		693292
0.40500	-3.9842	47.354	3616		107274		693009
0.41001	-3.9792	47.354	3623		107293		693867
0.41500	-3.9742	47.354	3626		107237		693474
0.42000	-3.9692	47.354	3629		107357		694189
0.42500	-3.9644	47.354	3632		107392		694206
0.43000	-3.9592	47.354	3639		107288		694358
0.43500	-3.9542	47.354	3646		107252		693564
0.44000	-3.9492	47.354	3646		107205		693283
0.44501	-3.9442	47.354	3656		107390		693255
0.45000	-3.9392	47.354	3650		107376		694239
0.45500	-3.9342	47.354	3656		107286		693538
0.46000	-3.9292	47.354	3679		107282		693678
0.46500	-3.9242	47.354	3711		107240		693990
0.47000	-3.9192	47.354	3744		107409		693398
0.47500	-3.9142	47.354	3778		107349		693627
0.48000	-3.9092	47.354	3822		107285		693925
0.48500	-3.9042	47.354	3860		107264		693784
0.49000	-3.8992	47.354	3883		107164		693992
0.49500	-3.8942	47.354	3870		107286		693271
0.50000	-3.8892	47.354	3864		107350		694136
0.50500	-3.8842	47.354	3847		107309		694691
0.51000	-3.8792	47.354	3811		107235		693804
0.51500	-3.8742	47.354	3784		107226		694079
0.52000	-3.8694	47.354	3767		107317		694569
0.52500	-3.8644	47.354	3726		107289		694376
0.53000	-3.8594	47.354	3709		107208		694629
0.53500	-3.8544	47.354	3717		107138		694517
0.54000	-3.8494	47.354	3720		107143		694094
0.54500	-3.8444	47.354	3732		107284		694526
0.55000	-3.8394	47.354	3737		107319		693829
0.55500	-3.8344	47.354	3734		107271		693619
0.56000	-3.8294	47.354	3736		107240		694646
0.56500	-3.8244	47.354	3732		107090		694502
0.57000	-3.8197	47.354	3715		107168		694144
0.57500	-3.8144	47.354	3722		107221		694443
0.58000	-3.8097	47.354	3710		107225		694433
0.58500	-3.8047	47.354	3705		107153		693434
0.59000	-3.7994	47.354	3699		107149		694633
0.59500	-3.7944	47.354	3703		107194		694320
0.60000	-3.7894	47.354	3697		107232		693954
0.60500	-3.7844	47.354	3706		107249		694081
0.61000	-3.7794	47.354	3696		107185		693981
0.61500	-3.7747	47.354	3695		107130		694276
0.62000	-3.7694	47.354	3701		107232		694528
0.62500	-3.7644	47.354	3716		107202		694838
0.63000	-3.7597	47.354	3722		107183		694203
0.63500	-3.7547	47.354	3728		107120		693601
0.64000	-3.7497	47.354	3762		107067		693136
0.64500	-3.7447	47.354	3777		107176		694416
0.65000	-3.7397	47.354	3800		107220		694115
0.65500	-3.7347	47.354	3820		107215		694251
0.66000	-3.7297	47.354	3833		107149		694130
0.66500	-3.7247	47.354	3839		107122		693570
0.67000	-3.7197	47.354	3846		107128		693474
0.67500	-3.7147	47.354	3862		107172		694043
0.68000	-3.7097	47.354	3867		107203		694551
0.68501	-3.7047	47.354	3889		107152		693911
0.69000	-3.6997	47.354	3910		107132		693941
0.69500	-3.6947	47.354	3928		107207		694704
0.70000	-3.6897	47.354	3934		107233		694608
0.70500	-3.6847	47.354	3928		107177		693900
0.71000	-3.6797	47.354	3941		107178		694339
0.71500	-3.6747	47.354	3924		107134		694897
0.72001	-3.6697	47.354	3898		107091		694453
0.72500	-3.6647	47.354	3890		107220		694667
0.73000	-3.6597	47.354	3847		107205		694242
0.73500	-3.6547	47.354	3844		107153		694889
0.74000	-3.6497	47.354	3852		107088		695477
0.74500	-3.6447	47.354	3856		106957		694150
0.75000	-3.6397	47.354	3862		107137		695043
0.75500	-3.6347	47.354	3866		107146		695341
0.76000	-3.6297	47.354	3877		107163		695115
0.76500	-3.6247	47.354	3887		107053		695147
0.77000	-3.6197	47.354	3900		106983		695357
0.77500	-3.6147	47.354	3924		107164		694522
0.78000	-3.6097	47.354	3932		107156		695157
0.78500	-3.6047	47.354	3946		107094		693773
0.79000	-3.5997	47.354	3962		107019		695087
0.79500	-3.5947	47.354	3966		106922		694591
0.80000	-3.5897	47.354	3974		107165		695209
0.80500	-3.5847	47.354	3982		107103		694395
0.81000	-3.5800	47.354	3992		107044		694331
0.81500	-3.5750	47.354	3993		106964		694050
0.82000	-3.5700	47.354	4005		106984		694105
0.82500	-3.5650	47.354	4023		107084		694440
0.83000	-3.5600	47.354	4081		107039		694847
0.83500	-3.5550	47.354	4190		106996		694523
0.84000	-3.5500	47.354	4354		106984		694206
0.84500	-3.5447	47.354	4609		106933		695384
0.85000	-3.5400	47.354	4866		107013		694539
0.85500	-3.5350	47.354	5155		107084		693820
0.86000	-3.5297	47.354	5363		106987		693651
0.86500	-3.5250	47.354	5512		106966		693796
0.87000	-3.5200	47.354	5537		106886		693439
0.87500	-3.5150	47.354	5372		106920		692770
0.88000	-3.5100	47.354	5231		107021		693375
0.88500	-3.5050	47.354	4889		106980		693282
0.89000	-3.5000	47.354	4700		106958		692949
0.89500	-3.4950	47.354	4466		106912		693651
0.90000	-3.4900	47.354	4380		106874		693160
0.90500	-3.4850	47.354	4327		107028		693814
0.90999	-3.4800	47.354	4309		106991		693773
0.91500	-3.4750	47.354	4348		106937		693420
0.92000	-3.4700	47.354	4353		106909		693817
0.92500	-3.4650	47.354	4358		106880		694534
0.93000	-3.4600	47.354	4337		106993		694547
0.93500	-3.4550	47.354	4293		107013		694342
0.94001	-3.4497	47.354	4260		106946		694105
0.94500	-3.4447	47.354	4271		106855		694371
0.95000	-3.4400	47.354	4273		106881		694521
0.95500	-3.4350	47.354	4280		106956		694064
0.96000	-3.4300	47.354	4288		106950		694191
0.96500	-3.4250	47.354	4261		106877		694483
0.97000	-3.4200	47.354	4247		106829		694301
0.97500	-3.4147	47.354	4173		106864		694678
0.98000	-3.4100	47.354	4148		106914		694927
0.98501	-3.4047	47.354	4141		106988		694069
0.99000	-3.3997	47.354	4123		106918		694034
0.99500	-3.3947	47.354	4144		106859		694002
1.0000	-3.3897	47.354	4211		106889		694504
1.0050	-3.3847	47.354	4300		106849		694736
1.0100	-3.3797	47.354	4420		107016		694750
1.0150	-3.3747	47.354	4525		106917		694187
1.0200	-3.3697	47.354	4662		106833		695086
1.0250	-3.3647	47.354	4739		106820		694348
1.0300	-3.3597	47.354	4801		106811		695244
1.0350	-3.3547	47.354	4775		106983		694746
1.0400	-3.3497	47.354	4770		106902		694583
1.0450	-3.3447	47.354	4729		106887		694295
1.0500	-3.3394	47.354	4689		106844		694225
1.0550	-3.3344	47.354	4543		106771		694209
1.0600	-3.3297	47.354	4426		106937		694708
1.0650	-3.3247	47.354	4495		106877		694566
1.0700	-3.3197	47.354	4568		106797		693973
1.0750	-3.3147	47.354	4659		106770		694543
1.0800	-3.3097	47.354	4664		106734		695026
1.0850	-3.3047	47.354	4710		106914		694467
1.0900	-3.2997	47.354	4719		106880		694726
1.0950	-3.2944	47.354	4727		106836		694791
1.1000	-3.2894	47.354	4650		106792		694368
1.1050	-3.2844	47.354	4558		106705		694609
1.1100	-3.2794	47.354	4551		106851		693953
1.1150	-3.2744	47.354	4567		106871		694402
1.1200	-3.2694	47.354	4521		106856		694977
1.1250	-3.2644	47.354	4457		106718		693551
1.1300	-3.2594	47.354	4307		106723		694182
1.1350	-3.2544	47.354	4249		106771		694934
1.1400	-3.2494	47.354	4183		106882		694518
1.1450	-3.2444	47.354	4166		106799		694538
1.1500	-3.2394	47.354	4180		106686		694411
1.1550	-3.2344	47.354	4171		106741		693804
1.1600	-3.2294	47.354	4173		106728		693959
1.1650	-3.2244	47.354	4172		106868		694050
1.1700	-3.2194	47.354	4186		106815		694478
1.1750	-3.2144	47.354	4197		106733		694257
1.1800	-3.2094	47.354	4204		106694		694957
1.1850	-3.2042	47.354	4227		106703		695022
1.1900	-3.1992	47.354	4249		106878		694274
1.1950	-3.1942	47.354	4245		106864		694874
1.2000	-3.1892	47.354	4246		106762		694943
1.2050	-3.1842	47.354	4269		106742		694184
1.2100	-3.1792	47.354	4310		106722		694425
1.2150	-3.1742	47.354	4345		106811		694721
1.2200	-3.1692	47.354	4388		106794		694255
1.2250	-3.1642	47.354	4456		106780		694792
1.2300	-3.1592	47.354	4519		106758		694874
1.2350	-3.1542	47.354	4541		106701		694567
1.2400	-3.1492	47.354	4535		106704		694332
1.2450	-3.1439	47.354	4510		106828		694345
1.2500	-3.1392	47.354	4505		106749		695320
1.2550	-3.1342	47.354	4472		106748		695725
1.2600	-3.1292	47.354	4369		106719		695428
1.2650	-3.1242	47.354	4338		106623		695380
1.2700	-3.1192	47.354	4392		106764		695522
1.2750	-3.1142	47.354	4485		106755		695548
1.2800	-3.1092	47.354	4545		106723		695416
1.2850	-3.1042	47.354	4575		106684		694931
1.2900	-3.0992	47.354	4645		106605		695389
1.2950	-3.0942	47.354	4679		106783		694391
1.3000	-3.0889	47.354	4661		106773		695002
1.3050	-3.0839	47.354	4551		106732		695904
1.3100	-3.0792	47.354	4502		106686		694933
1.3150	-3.0742	47.354	4534		106591		694377
1.3200	-3.0692	47.354	4558		106809		694433
1.3250	-3.0642	47.354	4522		106793		694929
1.3300	-3.0592	47.354	4447		106714		695115
1.3350	-3.0542	47.354	4345		106662		694550
1.3400	-3.0531	47.354	4341		106578		694955
1.3450	-3.0506	47.354	4321		106697		695185
1.3500	-3.0456	47.354	4281		106786		695292
1.3550	-3.0406	47.354	4277		106761		695627
1.3600	-3.0356	47.354	4293		106654		695623
1.3650	-3.0306	47.354	4301		106563		695792
1.3700	-3.0256	47.354	4270		106561		695574
1.3750	-3.0206	47.354	4260		106705		695279
1.3800	-3.0156	47.354	4279		106642		694970
1.3850	-3.0106	47.354	4303		106658		695460
1.3900	-3.0056	47.354	4352		106633		696015
1.3950	-3.0006	47.354	4458		106554		695552
1.4000	-2.9958	47.354	4605		106724		695339
1.4050	-2.9908	47.354	4755		106695		695691
1.4100	-2.9858	47.354	4861		106695		695658
1.4150	-2.9808	47.354	4893		106621		695687
1.4200	-2.9758	47.354	4862		106513		695743
1.4250	-2.9708	47.354	4761		106687		695757
1.4300	-2.9658	47.354	4588		106728		695517
1.4350	-2.9608	47.354	4366		106678		694794
1.4400	-2.9556	47.354	4334		106576		694977
1.4450	-2.9508	47.354	4437		106547		695489
1.4500	-2.9458	47.354	4551		106621		695649
1.4550	-2.9408	47.354	4679		106634		695218
1.4600	-2.9358	47.354	4825		106617		695311
1.4650	-2.9308	47.354	4906		106574		695076
1.4700	-2.9258	47.354	4818		106599		696355
1.4750	-2.9208	47.354	4578		106525		696932
1.4800	-2.9158	47.354	4514		106647		697205
1.4850	-2.9108	47.354	4549		106605		695978
1.4900	-2.9056	47.354	4615		106627		695956
1.4950	-2.9008	47.354	4636		106541		695387
1.5000	-2.8958	47.354	4668		106516		695186
1.5050	-2.8908	47.354	4704		106664		695470
1.5100	-2.8858	47.354	4680		106576		696169
1.5150	-2.8808	47.354	4614		106577		695901
1.5200	-2.8758	47.354	4609		106624		695723
1.5250	-2.8708	47.354	4655		106536		695952
1.5300	-2.8658	47.354	4787		106634		695807
1.5350	-2.8608	47.354	4891		106552		695999
1.5400	-2.8558	47.354	4904		106523		695759
1.5450	-2.8508	47.354	4895		106549		696059
1.5500	-2.8458	47.354	4815		106519		695651
1.5550	-2.8408	47.354	4655		106541		696126
1.5600	-2.8358	47.354	4477		106585		696307
1.5650	-2.8308	47.354	4354		106526		696490
1.5700	-2.8258	47.354	4345		106584		696112
1.5750	-2.8211	47.354	4338		106479		695410
1.5800	-2.8158	47.354	4326		106399		694755
1.5850	-2.8108	47.354	4297		106562		694892
1.5900	-2.8061	47.354	4274		106585		694782
1.5950	-2.8011	47.354	4278		106527		695179
1.6000	-2.7961	47.354	4249		106450		695104
1.6050	-2.7911	47.354	4248		106416		694800
1.6100	-2.7861	47.354	4284		106632		696011
1.6150	-2.7811	47.354	4325		106554		694928
1.6200	-2.7761	47.354	4344		106551		694526
1.6250	-2.7711	47.354	4385		106551		695050
1.6300	-2.7661	47.354	4421		106490		695106
1.6350	-2.7611	47.354	4418		106441		695395
1.6400	-2.7561	47.354	4361		106534		695105
1.6450	-2.7511	47.354	4341		106589		695051
1.6500	-2.7461	47.354	4344		106554		694622
1.6550	-2.7411	47.354	4370		106451		695665
1.6600	-2.7361	47.354	4371		106335		694538
1.6650	-2.7311	47.354	4369		106580		694623
1.6700	-2.7264	47.354	4388		106543		695137
1.6750	-2.7211	47.354	4398		106514		694893
1.6800	-2.7161	47.354	4396		106424		695025
1.6850	-2.7111	47.354	4390		106422		694519
1.6900	-2.7061	47.354	4420		106509		694947
1.6950	-2.7011	47.354	4430		106502		695320
1.7000	-2.6964	47.354	4449		106490		694904
1.7050	-2.6914	47.354	4477		106472		695681
1.7100	-2.6864	47.354	4490		106398		695117
1.7150	-2.6814	47.354	4448		106421		695124
1.7200	-2.6764	47.354	4430		106490		694991
1.7250	-2.6714	47.354	4413		106508		695138
1.7300	-2.6661	47.354	4423		106407		695295
1.7350	-2.6611	47.354	4434		106416		694814
1.7400	-2.6561	47.354	4465		106451		695104
1.7450	-2.6511	47.354	4478		106503		694550
1.7500	-2.6461	47.354	4472		106446		694992
1.7550	-2.6411	47.354	4439		106424		694451
1.7600	-2.6361	47.354	4429		106423		694584
1.7650	-2.6311	47.354	4435		106421		695416
1.7700	-2.6261	47.354	4461		106518		695333
1.7750	-2.6211	47.354	4481		106469		694888
1.7800	-2.6161	47.354	4498		106472		695248
1.7850	-2.6111	47.354	4531		106394		694581
1.7900	-2.6061	47.354	4540		106374		694979
1.7950	-2.6011	47.354	4536		106473		694487
1.8000	-2.5961	47.354	4529		106462		695167
1.8050	-2.5911	47.354	4516		106514		694518
1.8100	-2.5861	47.354	4520		106415		694792
1.8150	-2.5811	47.354	4532		106361		694657
1.8200	-2.5761	47.354	4563		106477		694935
1.8250	-2.5711	47.354	4603		106510		695359
1.8300	-2.5661	47.354	4649		106429		695228
1.8350	-2.5611	47.354	4691		106372		694569
1.8400	-2.5561	47.354	4697		106297		694966
1.8450	-2.5514	47.354	4713		106310		695252
1.8500	-2.5461	47.354	4739		106433		694044
1.8550	-2.5414	47.354	4761		106407		694855
1.8600	-2.5364	47.354	4763		106404		695437
1.8650	-2.5311	47.354	4735		106324		695685
1.8700	-2.5261	47.354	4749		106312		694635
1.8750	-2.5214	47.354	4807		106418		695777
1.8800	-2.5161	47.354	4953		106320		695215
1.8850	-2.5111	47.354	5113		106375		694476
1.8900	-2.5061	47.354	5252		106297		695367
1.8950	-2.5014	47.354	5453		106252		695341
1.9000	-2.4964	47.354	5618		106342		695983
1.9050	-2.4914	47.354	5686		106400		695423
1.9100	-2.4864	47.354	5795		106340		695279
1.9150	-2.4814	47.354	5931		106280		695334
1.9200	-2.4764	47.354	5903		106283		695959
1.9250	-2.4714	47.354	5694		106224		695795
1.9300	-2.4661	47.354	5541		106380		695660
1.9350	-2.4611	47.354	5367		106334		695688
1.9400	-2.4561	47.354	5243		106310		694987
1.9450	-2.4511	47.354	5210		106294		695277
1.9500	-2.4461	47.354	5217		106226		694838
1.9550	-2.4414	47.354	5229		106301		695489
1.9600	-2.4364	47.354	5279		106361		694035
1.9650	-2.4314	47.354	5255		106298		694653
1.9700	-2.4264	47.354	5231		106254		694917
1.9750	-2.4214	47.354	5199		106219		694708
1.9800	-2.4161	47.354	5154		106377		694576
1.9850	-2.4111	47.354	5123		106350		694740
1.9900	-2.4061	47.354	5222		106290		695287
1.9950	-2.4011	47.354	5398		106224		694931
2.0000	-2.3961	47.354	5523		106155		695008
2.0050	-2.3911	47.354	5584		106233		695648
2.0100	-2.3861	47.354	5561		106287		695151
2.0150	-2.3811	47.354	5500		106300		695097
2.0200	-2.3761	47.354	5569		106297		694849
2.0250	-2.3711	47.354	5693		106184		695254
2.0300	-2.3661	47.354	5733		106151		695358
2.0350	-2.3611	47.354	5666		106290		695679
2.0400	-2.3558	47.354	5593		106242		695091
2.0450	-2.3508	47.354	5588		106234		695101
2.0500	-2.3461	47.354	5770		106216		695384
2.0550	-2.3408	47.354	6185		106152		694897
2.0600	-2.3358	47.354	7150		106281		694869
2.0650	-2.3308	47.354	9118		106253		695537
2.0700	-2.3258	47.354	13578		106284		695339
2.0750	-2.3208	47.354	16304		106212		695269
2.0800	-2.3158	47.354	16378		106107		696078
2.0850	-2.3108	47.354	12630		106198		695201
2.0900	-2.3058	47.354	7934		106253		695447
2.0950	-2.3008	47.354	6664		106237		695308
2.1000	-2.2958	47.354	6321		106135		695081
2.1050	-2.2908	47.354	6377		106207		695523
2.1100	-2.2858	47.354	6442		106146		694732
2.1150	-2.2808	47.354	6489		106226		694709
2.1200	-2.2758	47.354	6382		106235		695344
2.1250	-2.2708	47.354	6129		106234		694391
2.1300	-2.2658	47.354	5959		106149		695896
2.1350	-2.2608	47.354	6071		106040		695012
2.1400	-2.2556	47.354	6076		106135		694838
2.1450	-2.2508	47.354	6023		106171		695523
2.1500	-2.2458	47.354	5832		106175		694736
2.1550	-2.2408	47.354	5695		106129		695718
2.1600	-2.2358	47.354	5570		106049		695473
2.1650	-2.2308	47.354	5522		106077		695318
2.1700	-2.2258	47.354	5503		106194		695614
2.1750	-2.2208	47.354	5501		106114		695523
2.1800	-2.2156	47.354	5524		106157		695400
2.1850	-2.2106	47.354	5486		106065		695624
2.1900	-2.2056	47.354	5435		105980		695065
2.1950	-2.2006	47.354	5503		106220		695579
2.2000	-2.1956	47.354	5605		106144		696022
2.2050	-2.1906	47.354	5653		106018		695312
2.2100	-2.1856	47.354	5617		106075		694644
2.2150	-2.1806	47.354	5608		105969		695784
2.2200	-2.1756	47.354	5746		106073		694888
2.2250	-2.1706	47.354	5994		106093		694860
2.2300	-2.1656	47.354	6237		106112		695076
2.2350	-2.1606	47.354	6421		106050		695311
2.2400	-2.1556	47.354	6607		105978		695427
2.2450	-2.1503	47.354	6725		106084		695225
2.2500	-2.1453	47.354	6608		106132		695916
2.2550	-2.1406	47.354	6524		106103		694927
2.2600	-2.1356	47.354	6657		105837		695685
2.2650	-2.1306	47.354	7053		105662		695321
2.2700	-2.1256	47.354	8304		105838		696186
2.2750	-2.1206	47.354	11877		106357		695117
2.2800	-2.1156	47.354	13089		106683		695457
2.2850	-2.1103	47.354	12232		107059		695417
2.2900	-2.1100	47.354	12068		106985		694692
2.2950	-2.1053	47.354	8914		106958		695527
2.3000	-2.1003	47.354	6859		107037		695381
2.3050	-2.0953	47.354	6261		107122		695244
2.3100	-2.0906	47.354	6076		107041		695314
2.3150	-2.0853	47.354	6014		106983		695511
2.3200	-2.0803	47.354	5993		106999		695164
2.3250	-2.0756	47.354	5855		106910		695812
2.3300	-2.0706	47.354	5812		107065		695114
2.3350	-2.0656	47.354	5837		107085		695229
2.3400	-2.0606	47.354	5920		107018		694559
2.3450	-2.0553	47.354	5986		106949		694963
2.3500	-2.0503	47.354	5985		106982		694305
2.3550	-2.0456	47.354	5863		106924		694773
2.3600	-2.0406	47.354	5735		107034		694700
2.3650	-2.0356	47.354	5751		107026		694685
2.3700	-2.0306	47.354	5852		107016		695298
2.3750	-2.0256	47.354	5893		106924		695267
2.3800	-2.0206	47.354	5918		106887		695250
2.3850	-2.0156	47.354	5963		107029		696071
2.3900	-2.0106	47.354	5954		107005		695073
2.3950	-2.0056	47.354	5967		106978		695023
2.4000	-2.0006	47.354	5971		106945		695029
2.4050	-1.9956	47.354	6126		106838		694897
2.4100	-1.9906	47.354	6247		106859		694172
2.4150	-1.9856	47.354	6204		107064		694680
2.4200	-1.9806	47.354	6148		106986		695406
2.4250	-1.9756	47.354	6398		106974		696067
2.4300	-1.9706	47.354	7386		106963		695509
2.4350	-1.9656	47.354	9698		106879		694832
2.4400	-1.9606	47.354	12660		107026		694880
2.4450	-1.9556	47.354	14952		106996		695125
2.4500	-1.9506	47.354	16881		107031		694786
2.4550	-1.9458	47.354	16631		106993		695121
2.4600	-1.9408	47.354	14906		106858		695987
2.4650	-1.9358	47.354	11830		106937		695447
2.4700	-1.9308	47.354	9746		107060		695035
2.4750	-1.9258	47.354	8600		107054		695205
2.4800	-1.9208	47.354	7273		106977		695248
2.4850	-1.9158	47.354	7330		106973		695656
2.4900	-1.9108	47.354	7637		106930		695400
2.4950	-1.9056	47.354	7590		107002		695568
2.5000	-1.9008	47.354	6996		107034		694936
2.5050	-1.8958	47.354	6567		106979		694956
2.5100	-1.8906	47.354	6219		106935		695072
2.5150	-1.8858	47.354	5944		106854		694987
2.5200	-1.8808	47.354	5878		106872		694956
2.5250	-1.8758	47.354	5936		107087		694887
2.5300	-1.8708	47.354	5818		106964		695406
2.5350	-1.8658	47.354	5795		106893		695197
2.5400	-1.8606	47.354	5935		106929		695692
2.5450	-1.8556	47.354	5900		106850		695754
2.5500	-1.8508	47.354	6065		106915		695357
2.5550	-1.8458	47.354	6080		107042		695274
2.5600	-1.8408	47.354	5929		106953		695392
2.5650	-1.8358	47.354	5772		106884		695770
2.5700	-1.8308	47.354	5612		106883		694379
2.5750	-1.8258	47.354	5519		106926		694523
2.5800	-1.8211	47.354	5470		106930		694640
2.5850	-1.8158	47.354	5485		106930		694854
2.5900	-1.8108	47.354	5675		106924		694719
2.5950	-1.8058	47.354	6419		106855		693985
2.6000	-1.8008	47.354	7629		106836		695116
2.6050	-1.7958	47.354	8620		106986		694965
2.6100	-1.7908	47.354	8868		106980		694849
2.6150	-1.7858	47.354	8950		106943		694796
2.6200	-1.7808	47.354	9036		106851		695169
2.6250	-1.7761	47.354	8991		106882		695640
2.6300	-1.7711	47.354	8179		106765		695770
2.6350	-1.7658	47.354	7895		106932		695606
2.6400	-1.7608	47.354	7678		106968		695322
2.6450	-1.7561	47.354	7165		106874		694607
2.6500	-1.7511	47.354	6862		106858		695086
2.6550	-1.7461	47.354	6666		106824		695447
2.6600	-1.7411	47.354	6627		106859		695619
2.6650	-1.7361	47.354	6656		106922		695557
2.6700	-1.7311	47.354	6770		106956		694561
2.6750	-1.7261	47.354	6911		106909		694693
2.6800	-1.7211	47.354	7103		106785		694475
2.6850	-1.7161	47.354	7305		106815		694670
2.6900	-1.7111	47.354	6718		106940		695609
2.6950	-1.7061	47.354	6264		106842		694904
2.7000	-1.7011	47.354	6062		106848		694514
2.7050	-1.6961	47.354	5965		106852		695105
2.7100	-1.6911	47.354	5927		106790		694596
2.7150	-1.6861	47.354	5969		106871		695020
2.7200	-1.6811	47.354	5924		106981		695048
2.7250	-1.6761	47.354	5890		106910		695226
2.7300	-1.6711	47.354	5775		106855		694566
2.7350	-1.6661	47.354	5731		106828		694865
2.7400	-1.6611	47.354	5775		106797		694665
2.7450	-1.6561	47.354	5822		106946		694393
2.7500	-1.6511	47.354	5792		106885		694769
2.7550	-1.6461	47.354	5777		106894		694993
2.7600	-1.6411	47.354	5763		106828		695082
2.7650	-1.6361	47.354	5862		106763		695382
2.7700	-1.6311	47.354	6081		106865		695203
2.7750	-1.6261	47.354	6243		106879		694663
2.7800	-1.6211	47.354	6442		106830		694060
2.7850	-1.6161	47.354	6571		106812		694840
2.7900	-1.6111	47.354	6530		106799		695149
2.7950	-1.6058	47.354	6396		106727		694541
2.8000	-1.6011	47.354	6917		106906		694451
2.8050	-1.5961	47.354	7986		106880		694785
2.8100	-1.5911	47.354	8574		106844		694852
2.8150	-1.5861	47.354	8914		106740		694882
2.8200	-1.5811	47.354	9043		106753		694472
2.8250	-1.5761	47.354	8807		106915		694842
2.8300	-1.5711	47.354	8314		106882		694984
2.8350	-1.5661	47.354	8323		106843		694892
2.8400	-1.5611	47.354	8367		106836		695121
2.8450	-1.5561	47.354	8085		106790		695004
2.8500	-1.5511	47.354	7537		106736		694298
2.8550	-1.5461	47.354	7123		106958		695603
2.8600	-1.5411	47.354	6928		106901		695450
2.8650	-1.5361	47.354	7198		106846		694750
2.8700	-1.5311	47.354	7643		106850		695249
2.8750	-1.5261	47.354	9366		106777		695619
2.8800	-1.5211	47.354	13315		106935		695835
2.8850	-1.5161	47.354	14285		106944		695356
2.8900	-1.5111	47.354	13075		106884		695651
2.8950	-1.5061	47.354	10081		106875		695250
2.9000	-1.5011	47.354	8374		106795		694911
2.9050	-1.4961	47.354	7428		106752		694858
2.9100	-1.4911	47.354	6981		106879		695964
2.9150	-1.4861	47.354	6901		106881		695477
2.9200	-1.4811	47.354	6939		106845		694943
2.9250	-1.4761	47.354	6808		106800		694359
2.9300	-1.4711	47.354	6725		106804		695198
2.9350	-1.4661	47.354	6648		106886		695242
2.9400	-1.4611	47.354	6702		106889		694726
2.9450	-1.4561	47.354	6785		106887		694332
2.9500	-1.4511	47.354	6729		106876		694224
2.9550	-1.4461	47.354	6622		106796		694903
2.9600	-1.4411	47.354	6558		106743		694581
2.9650	-1.4361	47.354	6676		106894		695197
2.9700	-1.4311	47.354	7048		106862		695167
2.9750	-1.4261	47.354	8169		106835		694296
2.9800	-1.4211	47.354	10363		106830		694436
2.9850	-1.4161	47.354	12691		106703		694207
2.9900	-1.4111	47.354	12817		106896		694687
2.9950	-1.4061	47.354	11307		106937		693915
3.0000	-1.4011	47.354	9226		106847		694689
3.0050	-1.3961	47.354	7975		106815		694455
3.0100	-1.3911	47.354	7205		106711		695773
3.0150	-1.3861	47.354	6820		106724		695293
3.0200	-1.3811	47.354	6783		106769		695107
3.0250	-1.3761	47.354	7031		106840		695414
3.0300	-1.3711	47.354	7758		106795		695276
3.0350	-1.3658	47.354	8500		106735		694994
3.0400	-1.3608	47.354	8918		106756		695802
3.0450	-1.3558	47.354	9006		106830		695679
3.0500	-1.3508	47.354	8753		106838		695495
3.0550	-1.3458	47.354	8375		106807		694916
3.0600	-1.3408	47.354	8463		106774		695200
3.0650	-1.3358	47.354	8545		106747		695437
3.0700	-1.3308	47.354	8406		106745		694944
3.0750	-1.3258	47.354	8056		106846		695332
3.0800	-1.3208	47.354	7851		106802		695031
3.0850	-1.3158	47.354	7780		106787		694927
3.0900	-1.3108	47.354	7770		106775		695089
3.0950	-1.3058	47.354	7841		106695		695410
3.1000	-1.3008	47.354	8050		106844		695392
3.1050	-1.2958	47.354	8616		106804		695036
3.1100	-1.2908	47.354	9290		106820		694889
3.1150	-1.2858	47.354	9400		106734		694324
3.1200	-1.2808	47.354	8873		106693		694426
3.1250	-1.2758	47.354	8060		106718		694579
3.1300	-1.2708	47.354	7545		106785		694568
3.1350	-1.2658	47.354	7259		106830		694239
3.1400	-1.2606	47.354	7092		106779		694584
3.1450	-1.2556	47.354	7184		106743		695145
3.1500	-1.2508	47.354	7217		106726		695316
3.1550	-1.2458	47.354	7173		106839		695554
3.1600	-1.2408	47.354	7014		106855		695375
3.1650	-1.2358	47.354	6929		106832		693993
3.1700	-1.2306	47.354	6918		106772		695426
3.1750	-1.2256	47.354	6963		106703		695202
3.1800	-1.2208	47.354	7024		106717		695387
3.1850	-1.2156	47.354	7147		106907		695619
3.1900	-1.2106	47.354	7360		106778		695575
3.1950	-1.2056	47.354	7850		106820		695562
3.2000	-1.2006	47.354	8420		106722		695190
3.2050	-1.1956	47.354	9370		106661		695128
3.2100	-1.1906	47.354	10605		106873		694998
3.2150	-1.1856	47.354	11764		106765		695053
3.2200	-1.1806	47.354	12016		106778		695129
3.2250	-1.1756	47.354	11051		106772		695286
3.2300	-1.1706	47.354	9606		106673		694855
3.2350	-1.1656	47.354	9202		106664		694688
3.2400	-1.1606	47.354	9249		106876		694737
3.2450	-1.1556	47.354	9819		106812		695263
3.2500	-1.1506	47.354	10850		106802		694629
3.2550	-1.1456	47.354	11079		106779		693939
3.2600	-1.1406	47.354	10393		106687		695590
3.2650	-1.1356	47.354	9517		106782		695066
3.2700	-1.1306	47.354	8985		106831		695339
3.2750	-1.1256	47.354	8854		106770		695542
3.2800	-1.1206	47.354	8732		106734		695677
3.2850	-1.1156	47.354	8553		106715		695515
3.2900	-1.1103	47.354	8459		106698		695590
3.2950	-1.1053	47.354	8383		106828		695282
3.3000	-1.1003	47.354	8322		106837		695197
3.3050	-1.0953	47.354	8334		106868		694962
3.3100	-1.0903	47.354	8442		106848		694775
3.3150	-1.0853	47.354	8552		106797		694855
3.3200	-1.0803	47.354	8529		106855		695335
3.3250	-1.0753	47.354	8462		106963		694853
3.3300	-1.0706	47.354	8459		106917		694975
3.3350	-1.0653	47.354	8609		106870		695036
3.3400	-1.0606	47.354	8897		106812		695075
3.3450	-1.0553	47.354	9505		106783		694904
3.3500	-1.0503	47.354	10953		106961		694878
3.3550	-1.0453	47.354	11818		106919		694955
3.3600	-1.0403	47.354	11584		106879		695208
3.3650	-1.0353	47.354	10762		106910		694839
3.3700	-1.0303	47.354	10180		106789		695298
3.3750	-1.0253	47.354	9832		106791		695445
3.3800	-1.0203	47.354	9690		106942		695209
3.3850	-1.0156	47.354	9723		106878		695630
3.3900	-1.0106	47.354	10265		106895		695005
3.3950	-1.0053	47.354	11312		106835		695526
3.4000	-1.0006	47.354	12535		106706		695413
3.4050	-0.99556	47.354	14830		106779		695461
3.4100	-0.99056	47.354	21153		106897		694915
3.4150	-0.98556	47.354	31898		106882		695014
3.4200	-0.98056	47.354	33745		106804		695400
3.4250	-0.97556	47.354	27216		106815		695568
3.4300	-0.97056	47.354	20397		106769		695326
3.4350	-0.96556	47.354	17552		106823		695715
3.4400	-0.96056	47.354	15747		106905		694700
3.4450	-0.95556	47.354	14382		106859		694276
3.4500	-0.95056	47.354	13050		106853		695038
3.4550	-0.94556	47.354	12427		106782		694826
3.4600	-0.94056	47.354	12555		106765		695364
3.4650	-0.93556	47.354	13373		106856		694900
3.4700	-0.93056	47.354	14661		106888		695454
3.4750	-0.92556	47.354	15904		106861		694738
3.4800	-0.92083	47.354	16692		106846		695231
3.4850	-0.91583	47.354	16660		106754		695229
3.4900	-0.91056	47.354	15986		106699		694986
3.4950	-0.90556	47.354	15638		106929		695428
3.5000	-0.90083	47.354	14753		106811		695063
3.5050	-0.89583	47.354	13842		106859		694367
3.5100	-0.89056	47.354	12542		106784		694248
3.5150	-0.88583	47.354	11731		106697		694604
3.5200	-0.88083	47.354	11167		106726		694684
3.5250	-0.87583	47.354	10863		106841		694760
3.5300	-0.87083	47.354	10711		106845		694223
3.5350	-0.86583	47.354	10673		106766		694984
3.5400	-0.86056	47.354	10731		106780		694554
3.5450	-0.85556	47.354	10700		106731		695375
3.5500	-0.85083	47.354	10620		106782		695127
3.5550	-0.84583	47.354	10720		106893		695395
3.5600	-0.84083	47.354	10946		106825		694463
3.5650	-0.83583	47.354	11083		106758		695402
3.5700	-0.83083	47.354	11126		106667		694784
3.5750	-0.82583	47.354	11188		106710		694955
3.5800	-0.82083	47.354	11369		106823		694545
3.5850	-0.81583	47.354	11778		106781		694545
3.5900	-0.81083	47.354	12088		106808		695156
3.5950	-0.80583	47.354	12060		106695		695606
3.6000	-0.80083	47.354	11912		106749		695236
3.6050	-0.79583	47.354	11823		106684		695175
3.6100	-0.79083	47.354	11797		106725		695030
3.6150	-0.78583	47.354	11853		106794		694898
3.6200	-0.78083	47.354	12315		106748		694447
3.6250	-0.77583	47.354	12895		106695		694676
3.6300	-0.77083	47.354	13633		106649		694685
3.6350	-0.76583	47.354	14872		106760		694711
3.6400	-0.76083	47.354	17304		106758		694250
3.6450	-0.75583	47.354	23148		106762		694671
3.6500	-0.75083	47.354	26157		106746		694184
3.6550	-0.74611	47.354	24675		106622		694495
3.6600	-0.74111	47.354	19825		106654		694483
3.6650	-0.73611	47.354	17067		106731		695429
3.6700	-0.73111	47.354	15346		106768		694905
3.6750	-0.72611	47.354	14310		106734		694879
3.6800	-0.72111	47.354	14025		106713		695204
3.6850	-0.71611	47.354	14215		106630		695903
3.6900	-0.71111	47.354	14380		106551		695069
3.6950	-0.70611	47.354	14302		106786		694555
3.7000	-0.70111	47.354	14065		106721		695431
3.7050	-0.69611	47.354	14089		106693		695140
3.7100	-0.69111	47.354	14504		106638		694582
3.7150	-0.68611	47.354	14819		106569		694701
3.7200	-0.68111	47.354	14844		106588		695880
3.7250	-0.67611	47.354	14876		106753		695580
3.7300	-0.67111	47.354	14877		106680		695512
3.7350	-0.66611	47.354	15047		106634		695305
3.7400	-0.66111	47.354	15215		106628		695605
3.7450	-0.65611	47.354	15467		106461		694900
3.7500	-0.65111	47.354	15868		106584		695167
3.7550	-0.64611	47.354	16308		106710		694601
3.7600	-0.64111	47.354	16520		106669		694323
3.7650	-0.63611	47.354	16746		106666		694260
3.7700	-0.63111	47.354	17046		106581		694565
3.7750	-0.62611	47.354	17478		106529		694780
3.7800	-0.62111	47.354	18016		106677		694384
3.7850	-0.61611	47.354	18814		106665		694981
3.7900	-0.61111	47.354	19519		106627		694841
3.7950	-0.60611	47.354	20116		106580		694648
3.8000	-0.60111	47.354	20475		106489		694820
3.8050	-0.59611	47.354	21019		106456		695153
3.8100	-0.59111	47.354	21756		106639		695441
3.8150	-0.58611	47.354	22978		106606		695297
3.8200	-0.58111	47.354	23823		106594		694713
3.8250	-0.57611	47.354	23918		106580		695427
3.8300	-0.57111	47.354	24711		106452		695012
3.8350	-0.56611	47.354	26171		106448		695198
3.8400	-0.56111	47.354	27458		106670		694471
3.8450	-0.55611	47.354	28069		106620		695316
3.8500	-0.55111	47.354	28694		106597		695024
3.8550	-0.54611	47.354	30110		106590		694898
3.8600	-0.54111	47.354	31418		106567		694746
3.8650	-0.53611	47.354	31665		106447		693470
3.8700	-0.53111	47.354	31375		106635		694216
3.8750	-0.52611	47.354	31365		106609		694405
3.8800	-0.52111	47.354	31564		106514		694377
3.8850	-0.51611	47.354	31919		106558		695003
3.8900	-0.51111	47.354	32281		106462		694282
3.8950	-0.50611	47.354	32785		106438		694328
3.9000	-0.50111	47.354	33760		106609		695027
3.9050	-0.49611	47.354	34963		106553		694811
3.9100	-0.49111	47.354	36277		106479		695945
3.9150	-0.48639	47.354	37172		106503		695238
3.9200	-0.48111	47.354	38532		106413		695066
3.9250	-0.47611	47.354	40022		106540		694947
3.9300	-0.47111	47.354	41624		106538		694742
3.9350	-0.46611	47.354	43590		106547		694839
3.9400	-0.46111	47.354	45943		106510		694870
3.9450	-0.45611	47.354	48214		106437		694857
3.9500	-0.45111	47.354	50977		106424		694462
3.9550	-0.44611	47.354	53810		106550		695359
3.9600	-0.44111	47.354	56438		106559		694957
3.9650	-0.43611	47.354	59517		106501		695211
3.9700	-0.43111	47.354	65167		106538		695443
3.9750	-0.42639	47.354	72812		106407		695012
3.9800	-0.42111	47.354	83128		106444		695352
3.9850	-0.41611	47.354	102167		106558		694920
3.9900	-0.41111	47.354	143184		106540		695053
3.9950	-0.40611	47.354	272792		106521		695545
4.0000	-0.40111	47.354	472654		106509		694974
4.0050	-0.39611	47.354	551924		106433		695275
4.0100	-0.39111	47.354	538133		106411		694990
4.0150	-0.38611	47.354	668696		106501		695245
4.0200	-0.38111	47.354	999996		106523		694624
4.0250	-0.37611	47.354	999996		106455		693982
4.0300	-0.37111	47.354	999996		106509		695124
4.0350	-0.36611	47.354	999996		106394		695338
4.0400	-0.36111	47.354	999996		106367		695243
4.0450	-0.35583	47.354	999997		106555		695002
4.0500	-0.35083	47.354	999996		106440		695019
4.0550	-0.34611	47.354	291305		106500		695018
4.0600	-0.34083	47.354	157847		106473		694837
4.0650	-0.33583	47.354	114684		106350		695153
4.0700	-0.33083	47.354	95390		106426		694403
4.0750	-0.32583	47.354	84598		106478		694821
4.0800	-0.32083	47.354	77267		106507		694443
4.0850	-0.31583	47.354	70626		106476		694934
4.0900	-0.31083	47.354	65110		106403		694139
4.0950	-0.30583	47.354	60310		106385		694275
4.1000	-0.30083	47.354	56433		106420		694674
4.1050	-0.29583	47.354	53683		106507		694284
4.1100	-0.29083	47.354	50680		106426		694177
4.1150	-0.28583	47.354	48144		106422		694447
4.1200	-0.28083	47.354	45629		106378		694590
4.1250	-0.27583	47.354	43580		106318		694371
4.1300	-0.27083	47.354	41532		106363		693968
4.1350	-0.26583	47.354	40186		106485		694440
4.1400	-0.26056	47.354	38814		106394		694559
4.1450	-0.25556	47.354	37415		106422		694620
4.1500	-0.25083	47.354	35948		106382		694689
4.1550	-0.24583	47.354	34797		106274		695506
4.1600	-0.24083	47.354	34219		106480		694598
4.1650	-0.23583	47.354	34141		106475		694123
4.1700	-0.23083	47.354	33607		106443		694258
4.1750	-0.22583	47.354	32588		106434		694015
4.1800	-0.22083	47.354	31854		106372		694834
4.1850	-0.21556	47.354	31425		106328		694669
4.1900	-0.21056	47.354	31277		106485		694414
4.1950	-0.20556	47.354	30275		106430		694703
4.2000	-0.20056	47.354	29013		106325		694461
4.2050	-0.19556	47.354	27937		106315		694083
4.2100	-0.19056	47.354	26792		106318		694244
4.2150	-0.18556	47.354	25897		106269		694857
4.2200	-0.18056	47.354	25658		106395		694376
4.2250	-0.17556	47.354	25445		106377		694116
4.2300	-0.17056	47.354	24506		106379		693894
4.2350	-0.16556	47.354	23090		106297		693778
4.2400	-0.16056	47.354	22289		106307		694062
4.2450	-0.15556	47.354	21861		106236		693606
4.2500	-0.15056	47.354	21350		106412		693923
4.2550	-0.14556	47.354	20610		106322		695006
4.2600	-0.14056	47.354	19984		106370		695091
4.2650	-0.13556	47.354	19363		106301		695155
4.2700	-0.13056	47.354	18841		106226		695627
4.2750	-0.12556	47.354	18406		106277		695315
4.2800	-0.12056	47.354	17995		106395		694552
4.2850	-0.11556	47.354	17664		106320		694733
4.2900	-0.11056	47.354	17380		106284		694282
4.2950	-0.10528	47.354	16995		106298		694629
4.3000	-0.10028	47.354	16604		106184		694869
4.3050	-0.095278	47.354	16373		106293		694317
4.3100	-0.090556	47.354	16193		106377		694950
4.3150	-0.085278	47.354	16001		106292		694834
4.3200	-0.080278	47.354	15861		106299		694751
4.3250	-0.075278	47.354	15921		106242		695282
4.3300	-0.070556	47.354	15737		106216		695267
4.3350	-0.065278	47.354	15361		106300		695586
4.3400	-0.060556	47.354	15196		106327		694843
4.3450	-0.055278	47.354	15200		106319		695411
4.3500	-0.050278	47.354	15020		106300		695507
4.3550	-0.045278	47.354	14771		106230		695459
4.3600	-0.040278	47.354	14738		106170		694646
4.3650	-0.035278	47.354	15086		106326		694921
4.3700	-0.030278	47.354	15555		106261		696088
4.3750	-0.025278	47.354	16363		106319		694556
4.3800	-0.020278	47.354	18721		106283		695576
4.3850	-0.015556	47.354	23632		106185		695277
4.3900	-0.010556	47.354	25549		106209		695589
4.3950	-0.0052778	47.354	22830		106322		695099
4.4000	-0.00055556	47.354	19713		106346		694930
4.4050	0.0044444	47.354	17571		106326		695140
4.4100	0.0094444	47.354	15897		106232		694934
4.4150	0.014444	47.354	14590		106221		695326
4.4200	0.019444	47.354	13852		106198		694732
4.4250	0.024444	47.354	13400		106362		694251
4.4300	0.029444	47.354	13001		106322		694760
4.4350	0.034444	47.354	12735		106310		693629
4.4400	0.039444	47.354	12542		106221		694279
4.4450	0.044444	47.354	12561		106253		695075
4.4500	0.049444	47.354	12671		106132		694900
4.4550	0.054444	47.354	12706		106320		695462
4.4600	0.059444	47.354	12513		106235		695129
4.4650	0.064444	47.354	12193		106275		694526
4.4700	0.069444	47.354	11989		106254		694874
4.4750	0.074444	47.354	11821		106199		694977
4.4800	0.079444	47.354	11708		106255		694653
4.4850	0.084444	47.354	11727		106317		694935
4.4900	0.089444	47.354	11651		106328		694732
4.4950	0.094444	47.354	11424		106253		694633
4.5000	0.099444	47.354	11335		106265		694191
4.5050	0.10444	47.354	11406		106135		694371
4.5100	0.10944	47.354	11524		106251		694508
4.5150	0.11417	47.354	11582		106305		694410
4.5200	0.11917	47.354	11601		106198		695063
4.5250	0.12417	47.354	11794		106236		694822
4.5300	0.12917	47.354	12226		106204		694933
4.5350	0.13417	47.354	12807		106131		694624
4.5400	0.13944	47.354	13738		106277		695351
4.5450	0.14444	47.354	15265		106262		693836
4.5500	0.14917	47.354	16667		106284		695409
4.5550	0.15417	47.354	16898		106238		694578
4.5600	0.15917	47.354	16326		106211		694468
4.5650	0.16417	47.354	15784		106073		693683
4.5700	0.16917	47.354	15496		106336		694243
4.5750	0.17417	47.354	15125		106230		694428
4.5800	0.17917	47.354	14620		106217		694862
4.5850	0.18417	47.354	14609		106216		695139
4.5900	0.18917	47.354	14878		106125		694940
4.5950	0.19417	47.354	15437		105664		695125
4.6000	0.19917	47.354	16152		106072		694585
4.6050	0.20417	47.354	19833		106300		694788
4.6100	0.20917	47.354	29204		106523		694282
4.6150	0.21417	47.354	33949		107252		694689
4.6200	0.21917	47.354	29480		107146		693858
4.6250	0.22417	47.354	24147		107177		694501
4.6300	0.22917	47.354	21111		107309		694851
4.6350	0.23417	47.354	18686		107270		694686
4.6400	0.23917	47.354	16336		107249		694070
4.6450	0.24417	47.354	14753		107212		694581
4.6500	0.24917	47.354	13925		107163		694178
4.6550	0.25417	47.354	13176		107213		693528
4.6600	0.25889	47.354	12570		107275		694122
4.6650	0.26389	47.354	12030		107254		694929
4.6700	0.26889	47.354	12283		107304		694481
4.6750	0.27389	47.354	12985		107217		694883
4.6800	0.27889	47.354	13010		107179		694781
4.6850	0.28389	47.354	12324		107232		694428
4.6900	0.28889	47.354	11695		107317		694491
4.6950	0.29389	47.354	11044		107301		695001
4.7000	0.29889	47.354	10452		107190		695048
4.7050	0.30389	47.354	9956		107176		695632
4.7100	0.30889	47.354	9668		107212		694971
4.7150	0.31389	47.354	9428		107206		695248
4.7200	0.31889	47.354	9257		107307		694897
4.7250	0.32389	47.354	9057		107235		695294
4.7300	0.32889	47.354	8904		107214		694639
4.7350	0.33389	47.354	8854		107137		694604
4.7400	0.33889	47.354	8828		107078		694231
4.7450	0.34389	47.354	8869		107198		694887
4.7500	0.34889	47.354	9080		107194		694334
4.7550	0.35389	47.354	9310		107195		694791
4.7600	0.35889	47.354	9348		107155		694782
4.7650	0.36389	47.354	9238		107076		695050
4.7700	0.36889	47.354	9460		107088		695005
4.7750	0.37389	47.354	10321		107217		695248
4.7800	0.37889	47.354	10930		107231		695368
4.7850	0.38389	47.354	10888		107214		695335
4.7900	0.38889	47.354	10540		107096		694955
4.7950	0.39389	47.354	10425		107115		695556
4.8000	0.39889	47.354	10305		107062		695336
4.8050	0.40389	47.354	10006		107200		695098
4.8100	0.40889	47.354	10193		107136		694182
4.8150	0.41389	47.354	11054		107103		695132
4.8200	0.41889	47.354	12099		107009		695618
4.8250	0.42389	47.354	12632		106996		695400
4.8300	0.42889	47.354	11978		106981		695123
4.8350	0.43389	47.354	11048		107134		693814
4.8400	0.43889	47.354	10343		107105		694720
4.8450	0.44389	47.354	9855		107065		694987
4.8500	0.44889	47.354	9402		107050		695271
4.8550	0.45389	47.354	9031		107012		695780
4.8600	0.45889	47.354	8810		106996		694918
4.8650	0.46389	47.354	8660		107174		694971
4.8700	0.46889	47.354	8439		107130		695396
4.8750	0.47389	47.354	8366		107048		695417
4.8800	0.47889	47.354	8298		107081		695304
4.8850	0.48389	47.354	8145		106922		695647
4.8900	0.48889	47.354	7949		106983		695161
4.8950	0.49389	47.354	7844		107136		695725
4.9000	0.49889	47.354	7873		107079		695762
4.9050	0.50361	47.354	7875		107073		695125
4.9100	0.50861	47.354	8037		106983		695159
4.9150	0.51361	47.354	8515		106954		695039
4.9200	0.51861	47.354	9094		107038		694858
4.9250	0.52361	47.354	9292		107081		696067
4.9300	0.52861	47.354	9026		107063		695751
4.9350	0.53389	47.354	8802		107029		695678
4.9400	0.53889	47.354	8670		107005		696087
4.9450	0.54389	47.354	8596		106901		695198
4.9500	0.54889	47.354	8469		107048		694895
4.9550	0.55389	47.354	8327		107002		694631
4.9600	0.55861	47.354	8231		107050		695155
4.9650	0.56361	47.354	8047		107035		695593
4.9700	0.56861	47.354	8088		106937		695327
4.9750	0.57361	47.354	8450		106943		694832
4.9800	0.57861	47.354	9113		106989		694940
4.9850	0.58389	47.354	9793		107033		694556
4.9900	0.58889	47.354	9935		107025		695305
4.9950	0.59389	47.354	9704		106957		695193
5.0000	0.59861	47.354	9482		106966		694664
5.0050	0.60361	47.354	9245		106897		694449
5.0100	0.60861	47.354	9144		106964		694717
5.0150	0.61361	47.354	9190		107011		694774
5.0200	0.61861	47.354	9238		106943		694485
5.0250	0.62361	47.354	9344		107005		695458
5.0300	0.62889	47.354	9363		106930		695666
5.0350	0.63389	47.354	9502		106858		694442
5.0400	0.63889	47.354	10444		106934		695499
5.0450	0.64389	47.354	12084		106951		695429
5.0500	0.64889	47.354	12923		106923		695504
5.0550	0.65389	47.354	12260		106934		695021
5.0600	0.65889	47.354	11389		106864		695077
5.0650	0.66389	47.354	10623		106885		695527
5.0700	0.66889	47.354	9889		106916		695032
5.0750	0.67389	47.354	9283		106985		695005
5.0800	0.67889	47.354	8787		106990		695363
5.0850	0.68417	47.354	8417		106912		694894
5.0900	0.68917	47.354	8040		106890		695397
5.0950	0.69417	47.354	7687		106816		694862
5.1000	0.69917	47.354	7593		106942		695374
5.1050	0.70417	47.354	7713		106999		695721
5.1100	0.70917	47.354	7863		106938		694590
5.1150	0.71417	47.354	7914		106882		694947
5.1200	0.71917	47.354	8009		106852		694615
5.1250	0.72417	47.354	8103		106794		694730
5.1300	0.72917	47.354	8095		106944		694931
5.1350	0.73417	47.354	8165		106933		694884
5.1400	0.73917	47.354	9090		106906		695548
5.1450	0.74417	47.354	11761		106893		695155
5.1500	0.74917	47.354	13503		106864		694447
5.1550	0.75417	47.354	12602		106752		694983
5.1600	0.75917	47.354	11213		107037		695179
5.1650	0.76417	47.354	10528		106934		694765
5.1700	0.76917	47.354	10265		106920		695080
5.1750	0.77417	47.354	9949		106921		694792
5.1800	0.77917	47.354	9584		106865		694939
5.1850	0.78417	47.354	9356		106751		694592
5.1900	0.78917	47.354	9042		106943		695069
5.1950	0.79444	47.354	8575		106959		695000
5.2000	0.79917	47.354	8399		106849		694471
5.2050	0.80444	47.354	8801		106889		694909
5.2100	0.80917	47.354	9387		106783		694576
5.2150	0.81417	47.354	9842		106826		695244
5.2200	0.81944	47.354	10003		106948		695387
5.2250	0.82444	47.354	9819		106869		695106
5.2300	0.82917	47.354	9532		106937		695273
5.2350	0.83444	47.354	9299		106839		694152
5.2400	0.83944	47.354	9049		106814		694437
5.2450	0.84444	47.354	8863		106736		695263
5.2500	0.84944	47.354	8849		106941		694233
5.2550	0.85444	47.354	8618		106890		694838
5.2600	0.85944	47.354	8197		106840		694306
5.2650	0.86444	47.354	7736		106832		694774
5.2700	0.86944	47.354	7370		106774		694404
5.2750	0.87444	47.354	7113		106723		694870
5.2800	0.87944	47.354	6964		106902		694441
5.2850	0.88444	47.354	6837		106876		694407
5.2900	0.88944	47.354	6731		106881		694245
5.2950	0.89444	47.354	6667		106848		695054
5.3000	0.89944	47.354	6572		106820		695285
5.3050	0.90444	47.354	6500		106731		695171
5.3100	0.90944	47.354	6557		106905		694808
5.3150	0.91444	47.354	6633		106838		694817
5.3200	0.91944	47.354	6633		106775		695337
5.3250	0.92444	47.354	6587		106747		695223
5.3300	0.92944	47.354	6611		106755		695092
5.3350	0.93444	47.354	6642		106731		695511
5.3400	0.93944	47.354	6636		106844		695264
5.3450	0.94444	47.354	6773		106862		695725
5.3500	0.94944	47.354	7060		106815		694735
5.3550	0.95444	47.354	7335		106818		695227
5.3600	0.95944	47.354	7455		106784		695114
5.3650	0.96444	47.354	7421		106724		695019
5.3700	0.96944	47.354	7491		106851		695449
5.3750	0.97444	47.354	7709		106845		694894
5.3800	0.97944	47.354	7966		106792		694869
5.3850	0.98444	47.354	7953		106766		694890
5.3900	0.98944	47.354	7932		106714		694819
5.3950	0.99444	47.354	7869		106694		695371
5.4000	0.99944	47.354	7817		106800		694885
5.4050	1.0044	47.354	7854		106882		695598
5.4100	1.0094	47.354	8359		106783		695607
5.4150	1.0144	47.354	9174		106822		695528
5.4200	1.0194	47.354	9613		106734		695750
5.4250	1.0244	47.354	9681		106652		695324
5.4300	1.0294	47.354	9397		106797		695174
5.4350	1.0344	47.354	8961		106879		695212
5.4400	1.0394	47.354	8609		106800		695544
5.4450	1.0444	47.354	8487		106801		695346
5.4500	1.0494	47.354	8380		106722		695282
5.4550	1.0544	47.354	8110		106675		694834
5.4600	1.0594	47.354	7819		106718		695220
5.4650	1.0642	47.354	7634		106796		695624
5.4700	1.0692	47.354	7355		106762		694972
5.4750	1.0744	47.354	7172		106795		695153
5.4800	1.0792	47.354	7004		106724		694948
5.4850	1.0842	47.354	6797		106730		694770
5.4900	1.0894	47.354	6639		106689		694392
5.4950	1.0944	47.354	6474		106796		694519
5.5000	1.0992	47.354	6370		106821		695148
5.5050	1.1042	47.354	6368		106759		694909
5.5100	1.1092	47.354	6426		106775		694897
5.5150	1.1142	47.354	6548		106667		695467
5.5200	1.1192	47.354	6681		106695		694751
5.5250	1.1242	47.354	6763		106771		695322
5.5300	1.1292	47.354	6915		106775		694874
5.5350	1.1342	47.354	7353		106744		695983
5.5400	1.1392	47.354	8087		106732		695017
5.5450	1.1442	47.354	8593		106674		695232
5.5500	1.1492	47.354	8783		106686		694537
5.5550	1.1542	47.354	9164		106783		694930
5.5600	1.1592	47.354	9590		106782		694768
5.5650	1.1642	47.354	10031		106711		694367
5.5700	1.1692	47.354	10551		106721		694638
5.5750	1.1742	47.354	11799		106671		694461
5.5800	1.1789	47.354	13582		106654		694101
5.5850	1.1842	47.354	14299		106724		693744
5.5900	1.1892	47.354	13845		106806		694848
5.5950	1.1942	47.354	13377		106710		694120
5.6000	1.1992	47.354	12865		106661		694137
5.6050	1.2042	47.354	12266		106678		693883
5.6100	1.2092	47.354	11922		106594		694274
5.6150	1.2142	47.354	11641		106697		694019
5.6200	1.2192	47.354	10975		106725		694277
5.6250	1.2242	47.354	9856		106715		694706
5.6300	1.2292	47.354	9012		106624		694683
5.6350	1.2342	47.354	8472		106649		694738
5.6400	1.2392	47.354	8133		106516		694794
5.6450	1.2442	47.354	8017		106607		694618
5.6500	1.2492	47.354	7976		106704		695204
5.6550	1.2539	47.354	7796		106670		695034
5.6600	1.2589	47.354	7564		106629		695028
5.6650	1.2639	47.354	7360		106615		694257
5.6700	1.2689	47.354	7136		106507		694610
5.6750	1.2739	47.354	6941		106584		694516
5.6800	1.2789	47.354	6970		106670		694419
5.6850	1.2839	47.354	7019		106654		694768
5.6900	1.2889	47.354	6907		106593		694991
5.6950	1.2939	47.354	6818		106608		694941
5.7000	1.2989	47.354	6821		106504		695159
5.7050	1.3039	47.354	6833		106513		694686
5.7100	1.3089	47.354	6950		106603		695070
5.7150	1.3139	47.354	7203		106598		695084
5.7200	1.3186	47.354	7418		106586		695130
5.7250	1.3236	47.354	7409		106587		694345
5.7300	1.3286	47.354	7442		106442		695417
5.7350	1.3339	47.354	7877		106475		694944
5.7400	1.3389	47.354	10110		106582		694841
5.7450	1.3439	47.354	13597		106536		695306
5.7500	1.3489	47.354	13655		106538		694816
5.7550	1.3536	47.354	11379		106467		694854
5.7600	1.3589	47.354	9869		106413		695086
5.7650	1.3636	47.354	9088		106399		695050
5.7700	1.3686	47.354	8793		106582		695152
5.7750	1.3736	47.354	8458		106548		694759
5.7800	1.3786	47.354	8248		106504		695044
5.7850	1.3839	47.354	8360		106516		694649
5.7900	1.3889	47.354	8309		106402		695701
5.7950	1.3939	47.354	8003		106420		694215
5.8000	1.3986	47.354	7684		106563		694824
5.8050	1.4036	47.354	7460		106485		694293
5.8100	1.4086	47.354	7415		106562		694686
5.8150	1.4136	47.354	7341		106456		694675
5.8200	1.4186	47.354	7306		106429		694500
5.8250	1.4236	47.354	7294		106460		694605
5.8300	1.4286	47.354	7124		106541		694513
5.8350	1.4336	47.354	6907		106487		694510
5.8400	1.4389	47.354	6808		106535		694077
5.8450	1.4436	47.354	6757		106457		693602
5.8500	1.4486	47.354	6731		106466		694907
5.8550	1.4536	47.354	6668		106457		694916
5.8600	1.4586	47.354	6592		106585		695007
5.8650	1.4636	47.354	6557		106553		695221
5.8700	1.4686	47.354	6558		106494		695153
5.8750	1.4736	47.354	6577		106451		694595
5.8800	1.4786	47.354	6613		106467		695081
5.8850	1.4836	47.354	6678		106373		695485
5.8900	1.4886	47.354	6702		106506		695807
5.8950	1.4936	47.354	6751		106509		694990
5.9000	1.4986	47.354	6822		106490		694644
5.9050	1.5036	47.354	6972		106439		695277
5.9100	1.5086	47.354	7220		106428		694842
5.9150	1.5136	47.354	7543		106346		695418
5.9200	1.5186	47.354	7964		106477		694651
5.9250	1.5236	47.354	8142		106480		694413
5.9300	1.5286	47.354	8298		106523		695051
5.9350	1.5336	47.354	8510		106380		694769
5.9400	1.5386	47.354	9325		106446		695135
5.9450	1.5436	47.354	12875		106341		695105
5.9500	1.5486	47.354	17694		106341		695014
5.9550	1.5536	47.354	17594		106464		695334
5.9600	1.5586	47.354	13910		106509		695487
5.9650	1.5636	47.354	11720		106429		694366
5.9700	1.5686	47.354	10883		106410		695254
5.9750	1.5736	47.354	10408		106375		695278
5.9800	1.5786	47.354	9674		106324		694877
5.9850	1.5836	47.354	8976		106541		694828
5.9900	1.5886	47.354	8449		106433		695286
5.9950	1.5936	47.354	7903		106436		695185
6.0000	1.5986	47.354	7368		106371		695059
6.0050	1.6036	47.354	7023		106358		695002
6.0100	1.6086	47.354	6787		106256		694886
6.0150	1.6136	47.354	6712		106490		694943
6.0200	1.6186	47.354	6632		106429		695058
6.0250	1.6236	47.354	6613		106410		694917
6.0300	1.6286	47.354	6557		106374		695422
6.0350	1.6336	47.354	6482		106380		694279
6.0400	1.6386	47.354	6410		106282		694973
6.0450	1.6439	47.354	6456		106403		695498
6.0500	1.6489	47.354	6444		106462		694769
6.0550	1.6536	47.354	6351		106407		694539
6.0600	1.6589	47.354	6281		106392		694647
6.0650	1.6639	47.354	6192		106370		695010
6.0700	1.6689	47.354	6156		106365		695000
6.0750	1.6739	47.354	6120		106393		694879
6.0800	1.6789	47.354	6110		106422		694988
6.0850	1.6839	47.354	6119		106479		695646
6.0900	1.6889	47.354	6082		106368		695141
6.0950	1.6939	47.354	6029		106389		695150
6.1000	1.6989	47.354	6063		106294		694641
6.1050	1.7039	47.354	6227		106367		694877
6.1100	1.7089	47.354	6426		106427		695216
6.1150	1.7139	47.354	6688		106388		694766
6.1200	1.7189	47.354	6946		106404		693642
6.1250	1.7239	47.354	7007		106410		695099
6.1300	1.7292	47.354	6761		106282		694945
6.1350	1.7339	47.354	6469		106314		695182
6.1400	1.7392	47.354	6282		106441		694593
6.1450	1.7442	47.354	6161		106402		694949
6.1500	1.7492	47.354	6018		106361		694876
6.1550	1.7539	47.354	5924		106368		694926
6.1600	1.7592	47.354	5912		106257		694656
6.1650	1.7642	47.354	5896		106287		694319
6.1700	1.7692	47.354	5879		106432		695010
6.1750	1.7742	47.354	5885		106430		694989
6.1800	1.7789	47.354	5904		106424		694761
6.1850	1.7842	47.354	5946		106313		694089
6.1900	1.7892	47.354	5910		106301		694213
6.1950	1.7942	47.354	5761		106221		694984
6.2000	1.7992	47.354	5672		106430		694921
6.2050	1.8042	47.354	5606		106411		694703
6.2100	1.8092	47.354	5510		106366		694886
6.2150	1.8142	47.354	5428		106268		695382
6.2200	1.8192	47.354	5415		106316		695232
6.2250	1.8242	47.354	5377		106193		693935
6.2300	1.8292	47.354	5324		106371		694872
6.2350	1.8342	47.354	5320		106387		694780
6.2400	1.8392	47.354	5352		106343		694744
6.2450	1.8442	47.354	5395		106310		695115
6.2500	1.8492	47.354	5419		106290		695174
6.2550	1.8542	47.354	5373		106230		694747
6.2600	1.8592	47.354	5314		106344		695224
6.2650	1.8642	47.354	5260		106345		695319
6.2700	1.8692	47.354	5199		106393		695354
6.2750	1.8742	47.354	5184		106330		694744
6.2800	1.8792	47.354	5184		106299		694730
6.2850	1.8842	47.354	5173		106258		694605
6.2900	1.8892	47.354	5142		106210		694520
6.2950	1.8942	47.354	5119		106333		695626
6.3000	1.8994	47.354	5098		106377		695504
6.3050	1.9042	47.354	5106		106253		695485
6.3100	1.9092	47.354	5136		106305		695233
6.3150	1.9142	47.354	5136		106227		695095
6.3200	1.9194	47.354	5136		106161		694817
6.3250	1.9242	47.354	5133		106355		695128
6.3300	1.9292	47.354	5116		106329		695596
6.3350	1.9344	47.354	5110		106265		695435
6.3400	1.9394	47.354	5103		106290		694866
6.3450	1.9444	47.354	5111		106238		695276
6.3500	1.9494	47.354	5092		106220		695221
6.3550	1.9544	47.354	5045		106361		695485
6.3600	1.9594	47.354	5034		106289		694926
6.3650	1.9644	47.354	5050		106302		695175
6.3700	1.9694	47.354	5076		106246		695359
6.3750	1.9744	47.354	5083		106173		695027
6.3800	1.9794	47.354	5064		106186		694741
6.3850	1.9844	47.354	5060		106220		694715
6.3900	1.9894	47.354	5100		106280		695476
6.3950	1.9944	47.354	5109		106290		694733
6.4000	1.9994	47.354	5083		106234		694850
6.4050	2.0042	47.354	5041		106219		695171
6.4100	2.0092	47.354	5052		106132		695062
6.4150	2.0144	47.354	5046		106191		694670
6.4200	2.0192	47.354	5028		106326		694997
6.4250	2.0242	47.354	5006		106249		694852
6.4300	2.0294	47.354	4998		106209		694604
6.4350	2.0342	47.354	5001		106166		694443
6.4400	2.0394	47.354	5044		106137		694324
6.4450	2.0444	47.354	5048		106117		693833
6.4500	2.0494	47.354	5032		106218		694153
6.4550	2.0542	47.354	5023		106207		693811
6.4600	2.0592	47.354	5008		106224		693852
6.4650	2.0642	47.354	5020		106079		693617
6.4700	2.0692	47.354	5101		106144		694235
6.4750	2.0742	47.354	5232		105998		694093
6.4800	2.0792	47.354	5306		106249		693489
6.4850	2.0842	47.354	5339		106202		693076
6.4900	2.0892	47.354	5439		106135		694499
6.4950	2.0942	47.354	5467		106082		693860
6.5000	2.0992	47.354	5466		106114		694212
6.5050	2.1042	47.354	5456		105984		693731
6.5100	2.1092	47.354	5460		106205		693885
6.5150	2.1142	47.354	5483		106141		694012
6.5200	2.1192	47.354	5481		106134		693706
6.5250	2.1242	47.354	5452		106065		693584
6.5300	2.1292	47.354	5472		106082		692689
6.5350	2.1342	47.354	5527		105944		692877
6.5400	2.1392	47.354	5531		106078		693860
6.5450	2.1442	47.354	5538		106080		693956
6.5500	2.1492	47.354	5582		106102		693164
6.5550	2.1542	47.354	5611		106002		693397
6.5600	2.1592	47.354	5628		106057		693709
6.5650	2.1639	47.354	5581		106025		693928
6.5700	2.1689	47.354	5528		106011		693808
6.5750	2.1739	47.354	5563		106148		693467
6.5800	2.1789	47.354	5606		106072		693749
6.5850	2.1839	47.354	5658		106072		693448
6.5900	2.1889	47.354	5655		105983		693457
6.5950	2.1939	47.354	5625		105961		694016
6.6000	2.1989	47.354	5655		105985		694409
6.6050	2.2039	47.354	5741		106116		694098
6.6100	2.2089	47.354	5750		106134		694164
6.6150	2.2139	47.354	5871		106099		693727
6.6200	2.2189	47.354	5926		106065		692854
6.6250	2.2239	47.354	5863		105991		692415
6.6300	2.2289	47.354	5746		105941		690053
6.6350	2.2339	47.354	5667		106115		690693
6.6400	2.2389	47.354	5587		106076		690276
6.6450	2.2439	47.354	5523		106014		689090
6.6500	2.2489	47.354	5370		106003		688012
6.6550	2.2539	47.354	5255		105935		689307
6.6600	2.2589	47.354	5159		105976		691018
6.6650	2.2639	47.354	5064		106068		690854
6.6700	2.2689	47.354	5025		106032		691041
6.6750	2.2736	47.354	4993		106047		689213
6.6800	2.2789	47.354	4998		105973		688161
6.6850	2.2839	47.354	4993		105960		688672
6.6900	2.2889	47.354	4986		105960		688852
6.6950	2.2939	47.354	4998		105976		689340
6.7000	2.2989	47.354	5070		106068		688373
6.7050	2.3036	47.354	5130		105996		689251
6.7100	2.3086	47.354	5140		105989		689419
6.7150	2.3136	47.354	5138		105981		688934
6.7200	2.3186	47.354	5181		105902		689614
6.7250	2.3236	47.354	5240		105872		684848
6.7300	2.3286	47.354	5312		106057		684249
6.7350	2.3336	47.354	5360		105997		684721
6.7400	2.3386	47.354	5331		106027		685413
6.7450	2.3439	47.354	5355		105936		684679
6.7500	2.3486	47.354	5385		105944		685265
6.7550	2.3536	47.354	5383		105901		686339
6.7600	2.3586	47.354	5363		105954		686085
6.7650	2.3636	47.354	5388		105985		685780
6.7700	2.3686	47.354	5339		105993		686468
6.7750	2.3736	47.354	5355		105905		688936
6.7800	2.3786	47.354	5360		105888		691730
6.7850	2.3836	47.354	5378		105847		692686
6.7900	2.3886	47.354	5388		105881		694281
6.7950	2.3936	47.354	5364		106006		693390
6.8000	2.3986	47.354	5322		105890		694093
6.8050	2.4036	47.354	5310		106007		693847
6.8100	2.4086	47.354	5277		105862		693623
6.8150	2.4136	47.354	5202		105860		693690
6.8200	2.4186	47.354	5140		105813		694222
6.8250	2.4236	47.354	5111		105923		694384
6.8300	2.4286	47.354	5084		105928		694036
6.8350	2.4336	47.354	5063		105914		694445
6.8400	2.4386	47.354	5025		105920		694169
6.8450	2.4436	47.354	4970		105874		693922
6.8500	2.4486	47.354	4945		105741		693432
6.8550	2.4536	47.354	4925		105871		693469
6.8600	2.4586	47.354	4868		105916		693801
6.8650	2.4636	47.354	4868		105902		693828
6.8700	2.4686	47.354	4884		105938		693317
6.8750	2.4736	47.354	4885		105859		694191
6.8800	2.4786	47.354	4917		105780		693894
6.8850	2.4836	47.354	4924		105871		694100
6.8900	2.4886	47.354	4924		105904		694214
6.8950	2.4936	47.354	4936		105873		693240
6.9000	2.4986	47.354	4937		105854		693930
6.9050	2.5036	47.354	4982		105826		694255
6.9100	2.5086	47.354	4997		105856		694516
6.9150	2.5136	47.354	5044		105757		694207
6.9200	2.5186	47.354	5053		105969		694024
6.9250	2.5236	47.354	5126		105933		694323
6.9300	2.5286	47.354	5201		105351		694589
6.9350	2.5336	47.354	5306		105588		695110
6.9400	2.5386	47.354	5396		105833		695333
6.9450	2.5436	47.354	5418		106150		695044
6.9500	2.5486	47.354	5455		106976		695085
6.9550	2.5536	47.354	5492		106909		694171
6.9600	2.5586	47.354	5556		106958		694178
6.9650	2.5636	47.354	5537		106803		694800
6.9700	2.5686	47.354	5565		106882		694430
6.9750	2.5736	47.354	5450		106759		694475
6.9800	2.5786	47.354	5464		106850		693390
6.9850	2.5836	47.354	5433		106919		694017
6.9900	2.5886	47.354	5491		106893		694167
6.9950	2.5936	47.354	5504		106839		694624
7.0000	2.5986	47.354	5501		106856		694793
7.0050	2.6036	47.354	5533		106721		693728
7.0100	2.6086	47.354	5555		106840		694470
7.0150	2.6136	47.354	5541		106861		694731
7.0200	2.6186	47.354	5425		106894		694324
7.0250	2.6236	47.354	5312		106828		695170
7.0300	2.6286	47.354	5169		106838		694872
7.0350	2.6336	47.354	5083		106695		695142
7.0400	2.6386	47.354	5057		106681		694491
7.0450	2.6439	47.354	5015		106866		695030
7.0500	2.6489	47.354	4949		106844		694378
7.0550	2.6536	47.354	4953		106828		694637
7.0600	2.6589	47.354	4919		106766		694934
7.0650	2.6639	47.354	4901		106756		695055
7.0700	2.6689	47.354	4850		106707		694849
7.0750	2.6739	47.354	4865		106692		694991
7.0800	2.6789	47.354	4828		106843		695559
7.0850	2.6839	47.354	4838		106807		694574
7.0900	2.6889	47.354	4871		106800		694338
7.0950	2.6939	47.354	4916		106723		694342
7.1000	2.6989	47.354	4968		106700		693965
7.1050	2.7039	47.354	5128		106631		694502
7.1100	2.7089	47.354	5268		106817		694348
7.1150	2.7139	47.354	5407		106816		694931
7.1200	2.7189	47.354	5587		106743		695598
7.1250	2.7239	47.354	5675		106754		695160
7.1300	2.7292	47.354	5684		106654		694865
7.1350	2.7342	47.354	5667		106639		694118
7.1400	2.7392	47.354	5685		106785		694689
7.1450	2.7442	47.354	5605		106818		694038
7.1500	2.7492	47.354	5580		106793		694824
7.1550	2.7542	47.354	5702		106747		693654
7.1600	2.7592	47.354	5789		106688		694352
7.1650	2.7642	47.354	5992		106626		694056
7.1700	2.7692	47.354	6169		106641		694453
7.1750	2.7742	47.354	6267		106765		694218
7.1800	2.7792	47.354	6274		106724		694469
7.1850	2.7842	47.354	6232		106697		694546
7.1900	2.7892	47.354	5856		106730		694736
7.1950	2.7942	47.354	5660		106579		694304
7.2000	2.7992	47.354	5427		106597		694525
7.2050	2.8042	47.354	5190		106764		694749
7.2100	2.8092	47.354	4935		106817		694268
7.2150	2.8142	47.354	4826		106686		694717
7.2200	2.8192	47.354	4700		106726		694945
7.2250	2.8242	47.354	4623		106653		694837
7.2300	2.8292	47.354	4593		106597		694382
7.2350	2.8342	47.354	4538		106625		694709
7.2400	2.8394	47.354	4508		106768		695365
7.2450	2.8444	47.354	4461		106693		694596
7.2500	2.8492	47.354	4418		106678		694811
7.2550	2.8544	47.354	4355		106636		694260
7.2600	2.8592	47.354	4333		106601		695432
7.2650	2.8642	47.354	4315		106584		695647
7.2700	2.8692	47.354	4318		106713		695761
7.2750	2.8742	47.354	4320		106705		695203
7.2800	2.8792	47.354	4272		106693		695415
7.2850	2.8842	47.354	4237		106591		695529
7.2900	2.8894	47.354	4223		106596		694305
7.2950	2.8944	47.354	4182		106615		694363
7.3000	2.8994	47.354	4155		106542		694170
7.3050	2.9044	47.354	4142		106732		694776
7.3100	2.9092	47.354	4118		106693		694661
7.3150	2.9144	47.354	4111		106669		694423
7.3200	2.9194	47.354	4106		106619		693517
7.3250	2.9242	47.354	4124		106614		694904
7.3300	2.9292	47.354	4136		106531		694445
7.3350	2.9342	47.354	4153		106751		694774
7.3400	2.9392	47.354	4163		106656		695364
7.3450	2.9444	47.354	4175		106654		695073
7.3500	2.9494	47.354	4153		106602		695563
7.3550	2.9544	47.354	4167		106563		694852
7.3600	2.9594	47.354	4143		106476		694825
7.3650	2.9644	47.354	4115		106585		694567
7.3700	2.9694	47.354	4091		106569		694956
7.3750	2.9744	47.354	4065		106678		694798
7.3800	2.9794	47.354	4041		106556		694435
7.3850	2.9844	47.354	4036		106594		694171
7.3900	2.9894	47.354	4039		106499		694609
7.3950	2.9944	47.354	3991		106471		694348
7.4000	2.9994	47.354	3980		106628		694630
7.4050	3.0042	47.354	3951		106661		694138
7.4100	3.0092	47.354	3936		106535		694691
7.4150	3.0142	47.354	3913		106568		694969
7.4200	3.0192	47.354	3899		106466		694015
7.4250	3.0242	47.354	3883		106460		694689
7.4300	3.0292	47.354	3868		106626		694301
7.4350	3.0342	47.354	3856		106615		694639
7.4400	3.0392	47.354	3839		106615		694172
7.4450	3.0444	47.354	3826		106584		693852
7.4500	3.0492	47.354	3824		106429		694230
7.4550	3.0542	47.354	3831		106480		693740
7.4600	3.0592	47.354	3814		106446		693508
7.4650	3.0642	47.354	3804		106616		694718
7.4700	3.0692	47.354	3809		106534		694254
7.4750	3.0742	47.354	3827		106477		693838
7.4800	3.0792	47.354	3859		106526		694132
7.4850	3.0842	47.354	3909		106375		694126
7.4900	3.0892	47.354	3924		106469		694480
7.4950	3.0942	47.354	3966		106530		694616
7.5000	3.0992	47.354	3958		106555		694880
7.5050	3.1042	47.354	3954		106539		694424
7.5100	3.1092	47.354	3911		106480		694650
7.5150	3.1142	47.354	3872		106441		693861
7.5200	3.1192	47.354	3842		106390		694868
7.5250	3.1242	47.354	3827		106397		693567
7.5300	3.1292	47.354	3834		106519		693718
7.5350	3.1342	47.354	3851		106535		694287
7.5400	3.1392	47.354	3881		106504		693982
7.5450	3.1442	47.354	3911		106382		693599
7.5500	3.1489	47.354	3912		106423		693719
7.5550	3.1539	47.354	3912		106370		693635
7.5600	3.1589	47.354	3906		106520		694381
7.5650	3.1639	47.354	3884		106444		694645
7.5700	3.1689	47.354	3853		106436		694244
7.5750	3.1739	47.354	3790		106382		694711
7.5800	3.1789	47.354	3746		106341		695043
7.5850	3.1839	47.354	3706		106311		694866
7.5900	3.1889	47.354	3664		106541		694635
7.5950	3.1939	47.354	3660		106428		694833
7.6000	3.1989	47.354	3651		106446		694251
7.6050	3.2039	47.354	3651		106352		694151
7.6100	3.2089	47.354	3625		106318		694902
7.6150	3.2139	47.354	3613		106302		694068
7.6200	3.2189	47.354	3595		106371		694129
7.6250	3.2239	47.354	3585		106478		694646
7.6300	3.2289	47.354	3583		106431		695176
7.6350	3.2339	47.354	3584		106399		694921
7.6400	3.2389	47.354	3572		106396		695286
7.6450	3.2439	47.354	3556		106352		694800
7.6500	3.2489	47.354	3555		106308		694741
7.6550	3.2536	47.354	3562		106468		695154
7.6600	3.2586	47.354	3552		106408		694661
7.6650	3.2639	47.354	3548		106407		694743
7.6700	3.2689	47.354	3540		106318		694476
7.6750	3.2736	47.354	3535		106358		695150
7.6800	3.2786	47.354	3513		106250		694682
7.6850	3.2839	47.354	3517		106312		695249
7.6900	3.2889	47.354	3506		106361		694970
7.6950	3.2939	47.354	3496		106422		695232
7.7000	3.2986	47.354	3490		106366		695287
7.7050	3.3036	47.354	3495		106354		695262
7.7100	3.3086	47.354	3498		106276		695443
7.7150	3.3136	47.354	3498		106232		695382
7.7200	3.3186	47.354	3488		106369		694616
7.7250	3.3236	47.354	3486		106321		695522
7.7300	3.3286	47.354	3478		106329		694943
7.7350	3.3336	47.354	3476		106296		695488
7.7400	3.3386	47.354	3449		106284		695517
7.7450	3.3436	47.354	3446		106211		695532
7.7500	3.3486	47.354	3432		106329		694827
7.7550	3.3536	47.354	3422		106361		695393
7.7600	3.3586	47.354	3407		106387		695799
7.7650	3.3636	47.354	3413		106264		695468
7.7700	3.3686	47.354	3411		106302		694724
7.7750	3.3736	47.354	3401		106263		694842
7.7800	3.3786	47.354	3405		106185		695152
7.7850	3.3836	47.354	3391		106383		695880
7.7900	3.3886	47.354	3391		106365		695206
7.7950	3.3936	47.354	3381		106321		695083
7.8000	3.3986	47.354	3371		106265		695713
7.8050	3.4036	47.354	3367		106275		695208
7.8100	3.4086	47.354	3373		106185		694526
7.8150	3.4136	47.354	3366		106250		694479
7.8200	3.4186	47.354	3363		106337		695396
7.8250	3.4236	47.354	3365		106274		695195
7.8300	3.4286	47.354	3361		106286		694780
7.8350	3.4336	47.354	3359		106247		695350
7.8400	3.4386	47.354	3366		106227		695356
7.8450	3.4436	47.354	3353		106199		695302
7.8500	3.4483	47.354	3348		106312		695328
7.8550	3.4536	47.354	3353		106425		695095
7.8600	3.4586	47.354	3354		106305		694911
7.8650	3.4636	47.354	3348		106314		695294
7.8700	3.4686	47.354	3343		106241		694631
7.8750	3.4736	47.354	3338		106167		694831
7.8800	3.4786	47.354	3343		106330		695084
7.8850	3.4836	47.354	3341		106326		694830
7.8900	3.4886	47.354	3340		106279		695011
7.8950	3.4936	47.354	3339		106303		694991
7.9000	3.4986	47.354	3331		106249		695025
7.9050	3.5036	47.354	3328		106225		694787
7.9100	3.5086	47.354	3331		106201		694530
7.9150	3.5136	47.354	3335		106342		695098
7.9200	3.5186	47.354	3329		106289		694923
7.9250	3.5236	47.354	3330		106212		695657
7.9300	3.5286	47.354	3323		106254		695351
7.9350	3.5336	47.354	3324		106154		694464
7.9400	3.5386	47.354	3324		106101		695335
7.9450	3.5436	47.354	3315		106214		695674
7.9500	3.5486	47.354	3317		106224		694485
7.9550	3.5536	47.354	3319		106181		695509
7.9600	3.5586	47.354	3326		106172		695289
7.9650	3.5636	47.354	3325		106110		694206
7.9700	3.5686	47.354	3317		106081		694228
7.9750	3.5736	47.354	3320		106080		694516
7.9800	3.5786	47.354	3316		106223		694462
7.9850	3.5836	47.354	3315		106213		694625
7.9900	3.5886	47.354	3311		106126		694418
7.9950	3.5936	47.354	3314		106059		693635
8.0000	3.5986	47.354	3309		106038		693957
8.0050	3.6036	47.354	3304		105998		694793
8.0100	3.6086	47.354	3314		106159		694638
8.0150	3.6136	47.354	3308		106166		694564
8.0200	3.6186	47.354	3304		106167		695101
8.0250	3.6236	47.354	3303		106077		694347
8.0300	3.6286	47.354	3300		106081		695328
8.0350	3.6336	47.354	3311		105956		694129
8.0400	3.6386	47.354	3305		106104		694210
8.0450	3.6439	47.354	3312		106136		694824
8.0500	3.6486	47.354	3309		106182		694063
8.0550	3.6536	47.354	3314		106114		694463
8.0600	3.6586	47.354	3308		106082		694901
8.0650	3.6639	47.354	3317		106059		695312
8.0700	3.6686	47.354	3309		105974		694162
8.0750	3.6736	47.354	3305		106138		695360
8.0800	3.6789	47.354	3316		106143		694908
8.0850	3.6839	47.354	3315		106117		694987
8.0900	3.6889	47.354	3306		106033		695326
8.0950	3.6939	47.354	3304		106023		695069
8.1000	3.6989	47.354	3306		105985		695190
8.1050	3.7039	47.354	3306		106042		695357
8.1100	3.7089	47.354	3303		106126		694473
8.1150	3.7139	47.354	3298		106124		694586
8.1200	3.7189	47.354	3296		106043		694938
8.1250	3.7239	47.354	3294		106077		694641
8.1300	3.7289	47.354	3303		105963		694749
8.1350	3.7339	47.354	3307		106005		695025
8.1400	3.7392	47.354	3303		106130		694379
8.1450	3.7442	47.354	3307		106121		695190
8.1500	3.7492	47.354	3301		106020		695135
8.1550	3.7542	47.354	3307		106055		694657
8.1600	3.7592	47.354	3304		106000		694284
8.1650	3.7642	47.354	3297		105970		694873
8.1700	3.7692	47.354	3292		106065		695324
8.1750	3.7742	47.354	3299		106084		694966
8.1800	3.7792	47.354	3294		106077		694813
8.1850	3.7842	47.354	3305		106002		694725
8.1900	3.7892	47.354	3296		105992		694833
8.1950	3.7944	47.354	3303		105872		694822
8.2000	3.7992	47.354	3288		105898		694537
