# Datafile created by QuickNXS 0.9.39
# Date: 2014-03-13 11:01:11
# Type: Specular
# Input file indices: 15872+15873+15874+15875+15876
# Extracted states: +
# 
# [Direct Beam Runs]
# DB_ID  P0  PN  x_pos   x_width  y_pos  y_width  bg_pos  bg_width  dpix  tth  number  File                                            
# 1      0   0   157.7   9        128    82       54      92        158   0    15870   /SNS/REF_M/IPTS-10356/data/REF_M_15870_histo.nxs
# 2      0   0   157.7   9        128    82       54      92        158   0    15871   /SNS/REF_M/IPTS-10356/data/REF_M_15871_histo.nxs
# 
# [Data Runs]
# scale     P0    PN   x_pos   x_width  y_pos  y_width  bg_pos  bg_width  extract_fan  dpix  tth        number  DB_ID  File                                            
# 4.20727   86    28   167.3   9        133    70       54      92        False        158   0.702693   15872   1      /SNS/REF_M/IPTS-10356/data/REF_M_15872_histo.nxs
# 4.1783    114   6    168.2   9        133    70       54      92        False        158   0.702693   15873   2      /SNS/REF_M/IPTS-10356/data/REF_M_15873_histo.nxs
# 4.51856   114   3    169.5   9        133    70       54      92        False        158   1.22983    15874   2      /SNS/REF_M/IPTS-10356/data/REF_M_15874_histo.nxs
# 2.36048   116   4    171.9   9        133    70       54      92        False        158   2.28737    15875   2      /SNS/REF_M/IPTS-10356/data/REF_M_15875_histo.nxs
# 1.26474   116   3    172.1   9        133    70       54      92        False        158   4.39219    15876   2      /SNS/REF_M/IPTS-10356/data/REF_M_15876_histo.nxs
# 
# [Global Options]
# name           value
# sample_length  20   
# 
# [Data]
# Qz [Å⁻¹]            	R [a.u.]            	dR [a.u.]           	dQz [Å⁻¹]           	αi [rad]            
9.157317e-03      	9.777148e-01      	6.988543e-03      	2.455737e-04      	4.855933e-03      
9.260789e-03      	9.775967e-01      	6.382189e-03      	2.483894e-04      	4.855933e-03      
9.366627e-03      	9.862275e-01      	6.006753e-03      	2.512709e-04      	4.855933e-03      
9.474912e-03      	9.884504e-01      	5.687149e-03      	2.542203e-04      	4.855933e-03      
9.585730e-03      	9.867886e-01      	5.459695e-03      	2.572406e-04      	4.855933e-03      
9.699170e-03      	9.880312e-01      	5.326005e-03      	2.603338e-04      	4.855933e-03      
9.815328e-03      	9.849796e-01      	5.223899e-03      	2.635031e-04      	4.855933e-03      
9.934301e-03      	9.832847e-01      	5.124904e-03      	2.667510e-04      	4.855933e-03      
1.005620e-02      	9.915063e-01      	5.034146e-03      	2.700806e-04      	4.855933e-03      
1.018112e-02      	9.972073e-01      	4.955716e-03      	2.734951e-04      	4.855933e-03      
1.030918e-02      	9.878783e-01      	4.839136e-03      	2.769977e-04      	4.855933e-03      
1.044051e-02      	9.928559e-01      	4.736903e-03      	2.805920e-04      	4.855933e-03      
1.057522e-02      	1.009189e+00      	4.620387e-03      	2.842816e-04      	4.855933e-03      
1.071346e-02      	1.007934e+00      	4.496849e-03      	2.880705e-04      	4.855933e-03      
1.085536e-02      	1.013872e+00      	4.444205e-03      	2.919626e-04      	4.855933e-03      
1.100107e-02      	1.007269e+00      	4.370148e-03      	2.959624e-04      	4.855933e-03      
1.115075e-02      	1.011591e+00      	4.308994e-03      	3.000743e-04      	4.855933e-03      
1.130455e-02      	1.016893e+00      	4.234933e-03      	3.043033e-04      	4.855933e-03      
1.146265e-02      	1.017514e+00      	4.211033e-03      	3.086542e-04      	4.855933e-03      
1.162525e-02      	1.001366e+00      	4.218832e-03      	3.131329e-04      	4.855933e-03      
1.179252e-02      	9.860977e-01      	4.117170e-03      	3.177447e-04      	4.855933e-03      
1.196467e-02      	1.023722e+00      	4.037074e-03      	3.224960e-04      	4.855933e-03      
1.214192e-02      	1.021129e+00      	3.907491e-03      	3.273931e-04      	4.855933e-03      
1.232451e-02      	1.015328e+00      	3.810655e-03      	3.324429e-04      	4.855933e-03      
1.251267e-02      	1.034784e+00      	3.754191e-03      	3.376529e-04      	4.855933e-03      
1.270667e-02      	1.024902e+00      	3.729154e-03      	3.430306e-04      	4.855933e-03      
1.290677e-02      	9.998114e-01      	3.732258e-03      	3.485848e-04      	4.855933e-03      
1.298756e-02      	1.010311e+00      	3.156242e-03      	3.590028e-04      	4.732428e-03      
1.311328e-02      	1.018451e+00      	3.795616e-03      	3.543238e-04      	4.855933e-03      
1.320223e-02      	1.023666e+00      	2.935524e-03      	3.651119e-04      	4.732428e-03      
1.332650e-02      	1.020055e+00      	3.702424e-03      	3.602577e-04      	4.855933e-03      
1.342412e-02      	1.004705e+00      	2.843924e-03      	3.714355e-04      	4.732428e-03      
1.354678e-02      	1.016567e+00      	3.652361e-03      	3.663962e-04      	4.855933e-03      
1.365359e-02      	1.004156e+00      	2.795743e-03      	3.779850e-04      	4.732428e-03      
1.377445e-02      	9.965245e-01      	3.635275e-03      	3.727507e-04      	4.855933e-03      
1.389104e-02      	1.013677e+00      	2.760870e-03      	3.847729e-04      	4.732428e-03      
1.400991e-02      	9.965082e-01      	3.624564e-03      	3.793325e-04      	4.855933e-03      
1.413690e-02      	9.959993e-01      	2.718567e-03      	3.918127e-04      	4.732428e-03      
1.425356e-02      	1.001000e+00      	3.596019e-03      	3.861544e-04      	4.855933e-03      
1.439162e-02      	9.828726e-01      	2.711052e-03      	3.991187e-04      	4.732428e-03      
1.450584e-02      	9.819277e-01      	3.548190e-03      	3.932299e-04      	4.855933e-03      
1.465569e-02      	9.707389e-01      	2.835394e-03      	4.067067e-04      	4.732428e-03      
1.476720e-02      	9.670147e-01      	3.550143e-03      	4.005734e-04      	4.855933e-03      
1.492963e-02      	9.436998e-01      	2.736644e-03      	4.145933e-04      	4.732428e-03      
1.503816e-02      	9.461652e-01      	3.701770e-03      	4.082012e-04      	4.855933e-03      
1.521400e-02      	9.411238e-01      	2.649627e-03      	4.227970e-04      	4.732428e-03      
1.531925e-02      	9.138555e-01      	3.929231e-03      	4.161297e-04      	4.855933e-03      
1.550942e-02      	9.123724e-01      	2.520564e-03      	4.313373e-04      	4.732428e-03      
1.581653e-02      	8.927576e-01      	2.441938e-03      	4.402359e-04      	4.732428e-03      
1.613606e-02      	8.558782e-01      	2.361918e-03      	4.495160e-04      	4.732428e-03      
1.646876e-02      	8.106947e-01      	2.276364e-03      	4.592029e-04      	4.732428e-03      
1.681547e-02      	7.680709e-01      	2.178962e-03      	4.693247e-04      	4.732428e-03      
1.717710e-02      	7.054825e-01      	2.063103e-03      	4.799114e-04      	4.732428e-03      
1.755461e-02      	6.528918e-01      	1.952279e-03      	4.909968e-04      	4.732428e-03      
1.794910e-02      	5.838453e-01      	1.802410e-03      	5.026169e-04      	4.732428e-03      
1.836172e-02      	5.202891e-01      	1.665844e-03      	5.148127e-04      	4.732428e-03      
1.879376e-02      	4.596370e-01      	1.537312e-03      	5.276283e-04      	4.732428e-03      
1.924662e-02      	3.910963e-01      	1.422084e-03      	5.411130e-04      	4.732428e-03      
1.972185e-02      	3.137529e-01      	1.268310e-03      	5.553216e-04      	4.732428e-03      
2.022114e-02      	2.460311e-01      	1.092063e-03      	5.703148e-04      	4.732428e-03      
2.074636e-02      	1.880306e-01      	9.705704e-04      	5.861611e-04      	4.732428e-03      
2.129960e-02      	1.334012e-01      	8.158576e-04      	6.029361e-04      	4.732428e-03      
2.188315e-02      	8.894975e-02      	6.551921e-04      	6.207263e-04      	4.732428e-03      
2.249958e-02      	6.150924e-02      	5.393180e-04      	6.396269e-04      	4.732428e-03      
2.315174e-02      	4.202006e-02      	4.672097e-04      	6.597486e-04      	4.732428e-03      
2.384283e-02      	3.263473e-02      	4.290228e-04      	6.812150e-04      	4.732428e-03      
2.457646e-02      	3.266012e-02      	4.516234e-04      	7.041679e-04      	4.732428e-03      
2.512223e-02      	3.739277e-02      	3.956245e-04      	7.159574e-04      	9.154172e-03      
2.535667e-02      	3.739172e-02      	5.116386e-04      	7.287710e-04      	4.732428e-03      
2.553748e-02      	5.142245e-02      	4.296806e-04      	7.281202e-04      	9.154172e-03      
2.596668e-02      	6.310519e-02      	4.680273e-04      	7.407088e-04      	9.154172e-03      
2.641055e-02      	7.567298e-02      	5.057723e-04      	7.537461e-04      	9.154172e-03      
2.686987e-02      	8.722714e-02      	5.348058e-04      	7.672568e-04      	9.154172e-03      
2.734544e-02      	9.457387e-02      	5.554918e-04      	7.812675e-04      	9.154172e-03      
2.783815e-02      	9.758381e-02      	5.678236e-04      	7.958065e-04      	9.154172e-03      
2.834894e-02      	9.796463e-02      	5.996787e-04      	8.109055e-04      	9.154172e-03      
2.887883e-02      	9.465414e-02      	5.784109e-04      	8.265966e-04      	9.154172e-03      
2.942890e-02      	8.642393e-02      	5.348204e-04      	8.429168e-04      	9.154172e-03      
3.000034e-02      	7.715299e-02      	4.886895e-04      	8.599047e-04      	9.154172e-03      
3.059440e-02      	6.393391e-02      	4.351430e-04      	8.776030e-04      	9.154172e-03      
3.121247e-02      	5.043346e-02      	3.821302e-04      	8.960576e-04      	9.154172e-03      
3.185603e-02      	3.750564e-02      	3.270125e-04      	9.153187e-04      	9.154172e-03      
3.252668e-02      	2.611794e-02      	2.689720e-04      	9.354415e-04      	9.154172e-03      
3.322618e-02      	1.765263e-02      	2.197430e-04      	9.564855e-04      	9.154172e-03      
3.395642e-02      	1.240760e-02      	1.822620e-04      	9.785168e-04      	9.154172e-03      
3.471949e-02      	1.158565e-02      	1.735068e-04      	1.001607e-03      	9.154172e-03      
3.551764e-02      	1.387795e-02      	1.876029e-04      	1.025837e-03      	9.154172e-03      
3.635335e-02      	1.852760e-02      	2.148890e-04      	1.051293e-03      	9.154172e-03      
3.722933e-02      	2.294901e-02      	2.424668e-04      	1.078073e-03      	9.154172e-03      
3.814857e-02      	2.649388e-02      	2.625308e-04      	1.106284e-03      	9.154172e-03      
3.911436e-02      	2.757839e-02      	2.631323e-04      	1.136046e-03      	9.154172e-03      
4.013032e-02      	2.639338e-02      	2.639024e-04      	1.167495e-03      	9.154172e-03      
4.120046e-02      	2.311838e-02      	2.483205e-04      	1.200777e-03      	9.154172e-03      
4.232924e-02      	1.696221e-02      	2.102781e-04      	1.236064e-03      	9.154172e-03      
4.352161e-02      	1.154329e-02      	1.721857e-04      	1.273542e-03      	9.154172e-03      
4.478311e-02      	7.340231e-03      	1.442610e-04      	1.313429e-03      	9.154172e-03      
4.611992e-02      	4.423102e-03      	1.167685e-04      	1.355967e-03      	9.154172e-03      
4.753899e-02      	4.052518e-03      	1.176492e-04      	1.401435e-03      	9.154172e-03      
4.904817e-02      	5.260188e-03      	1.418235e-04      	1.450153e-03      	9.154172e-03      
5.065630e-02      	6.474704e-03      	1.692092e-04      	1.502486e-03      	9.154172e-03      
5.120875e-02      	6.346936e-03      	6.054961e-05      	1.478845e-03      	1.805363e-02      
5.208412e-02      	6.823171e-03      	6.178887e-05      	1.504857e-03      	1.805363e-02      
5.237347e-02      	7.182282e-03      	2.092223e-04      	1.558861e-03      	9.154172e-03      
5.298993e-02      	6.785814e-03      	6.049017e-05      	1.531811e-03      	1.805363e-02      
5.392781e-02      	6.308877e-03      	5.801510e-05      	1.559762e-03      	1.805363e-02      
5.421114e-02      	5.680467e-03      	1.934043e-04      	1.619773e-03      	9.154172e-03      
5.489947e-02      	5.377073e-03      	5.377309e-05      	1.588766e-03      	1.805363e-02      
5.590680e-02      	4.361338e-03      	5.095804e-05      	1.618886e-03      	1.805363e-02      
5.695179e-02      	3.166970e-03      	4.257981e-05      	1.650186e-03      	1.805363e-02      
5.803659e-02      	2.163748e-03      	3.408711e-05      	1.682739e-03      	1.805363e-02      
5.916351e-02      	1.673820e-03      	2.906854e-05      	1.716623e-03      	1.805363e-02      
6.033507e-02      	1.645570e-03      	2.829989e-05      	1.751921e-03      	1.805363e-02      
6.155396e-02      	2.059958e-03      	3.143286e-05      	1.788727e-03      	1.805363e-02      
6.282311e-02      	2.662284e-03      	3.560527e-05      	1.827138e-03      	1.805363e-02      
6.414571e-02      	3.220431e-03      	3.874963e-05      	1.867266e-03      	1.805363e-02      
6.552518e-02      	3.462352e-03      	4.002558e-05      	1.909229e-03      	1.805363e-02      
6.696530e-02      	3.140378e-03      	3.774282e-05      	1.953157e-03      	1.805363e-02      
6.847013e-02      	2.366513e-03      	3.225657e-05      	1.999194e-03      	1.805363e-02      
7.004415e-02      	1.702430e-03      	2.700334e-05      	2.047499e-03      	1.805363e-02      
7.169225e-02      	1.252247e-03      	2.293915e-05      	2.098246e-03      	1.805363e-02      
7.341978e-02      	1.224620e-03      	2.296945e-05      	2.151626e-03      	1.805363e-02      
7.523262e-02      	1.315386e-03      	2.396112e-05      	2.207855e-03      	1.805363e-02      
7.713723e-02      	1.364621e-03      	2.396389e-05      	2.267171e-03      	1.805363e-02      
7.914080e-02      	1.106481e-03      	2.214226e-05      	2.329840e-03      	1.805363e-02      
8.125123e-02      	7.963543e-04      	1.891200e-05      	2.396158e-03      	1.805363e-02      
8.347729e-02      	5.129727e-04      	1.506922e-05      	2.466461e-03      	1.805363e-02      
8.582876e-02      	3.781573e-04      	1.287488e-05      	2.541123e-03      	1.805363e-02      
8.831654e-02      	3.684475e-04      	1.336984e-05      	2.620573e-03      	1.805363e-02      
9.095286e-02      	3.270541e-04      	1.314206e-05      	2.705293e-03      	1.805363e-02      
9.375140e-02      	1.728384e-04      	1.015374e-05      	2.795835e-03      	1.805363e-02      
9.672765e-02      	1.084635e-04      	8.627094e-06      	2.892833e-03      	1.805363e-02      
9.989904e-02      	7.876187e-05      	7.988181e-06      	2.997014e-03      	1.805363e-02      
1.032141e-01      	7.912042e-05      	2.002126e-06      	2.959827e-03      	3.639413e-02      
1.032855e-01      	7.906548e-05      	9.282265e-06      	3.109221e-03      	1.805363e-02      
1.049784e-01      	6.755985e-05      	1.822453e-06      	3.011908e-03      	3.639413e-02      
1.068041e-01      	5.050152e-05      	1.562146e-06      	3.065879e-03      	3.639413e-02      
1.086945e-01      	3.214444e-05      	1.268758e-06      	3.121846e-03      	3.639413e-02      
1.106529e-01      	2.379182e-05      	1.120451e-06      	3.179922e-03      	3.639413e-02      
1.126832e-01      	2.512381e-05      	1.205831e-06      	3.240235e-03      	3.639413e-02      
1.147895e-01      	3.246384e-05      	1.322811e-06      	3.302912e-03      	3.639413e-02      
1.169759e-01      	3.231007e-05      	1.275944e-06      	3.368099e-03      	3.639413e-02      
1.192473e-01      	2.604092e-05      	1.120560e-06      	3.435954e-03      	3.639413e-02      
1.216087e-01      	2.198347e-05      	1.021818e-06      	3.506643e-03      	3.639413e-02      
1.240654e-01      	2.491880e-05      	1.072695e-06      	3.580352e-03      	3.639413e-02      
1.266234e-01      	2.813484e-05      	1.133513e-06      	3.657281e-03      	3.639413e-02      
1.292892e-01      	2.559832e-05      	1.075225e-06      	3.737649e-03      	3.639413e-02      
1.320696e-01      	2.584000e-05      	1.073551e-06      	3.821694e-03      	3.639413e-02      
1.349722e-01      	3.126635e-05      	1.156824e-06      	3.909680e-03      	3.639413e-02      
1.380053e-01      	3.832931e-05      	1.244691e-06      	4.001892e-03      	3.639413e-02      
1.411778e-01      	3.555612e-05      	1.187232e-06      	4.098652e-03      	3.639413e-02      
1.444997e-01      	3.036458e-05      	1.098295e-06      	4.200306e-03      	3.639413e-02      
1.479816e-01      	3.207099e-05      	1.145050e-06      	4.307243e-03      	3.639413e-02      
1.516355e-01      	3.185022e-05      	1.145845e-06      	4.419890e-03      	3.639413e-02      
1.554743e-01      	2.275489e-05      	9.653273e-07      	4.538727e-03      	3.639413e-02      
1.595126e-01      	1.889540e-05      	9.161636e-07      	4.664290e-03      	3.639413e-02      
1.637663e-01      	1.690118e-05      	8.811401e-07      	4.797171e-03      	3.639413e-02      
1.682531e-01      	1.483002e-05      	8.220649e-07      	4.938046e-03      	3.639413e-02      
1.729926e-01      	1.202020e-05      	7.554304e-07      	5.087665e-03      	3.639413e-02      
1.780069e-01      	1.215511e-05      	8.170370e-07      	5.246890e-03      	3.639413e-02      
1.833205e-01      	1.166117e-05      	8.313994e-07      	5.416690e-03      	3.639413e-02      
1.889611e-01      	1.071839e-05      	8.450859e-07      	5.598173e-03      	3.639413e-02      
1.949599e-01      	6.971652e-06      	7.529736e-07      	5.792614e-03      	3.639413e-02      
2.013520e-01      	5.285282e-06      	7.099552e-07      	6.001472e-03      	3.639413e-02      
2.081775e-01      	4.776218e-06      	7.758920e-07      	6.226444e-03      	3.639413e-02      
2.154820e-01      	4.234749e-06      	6.982723e-07      	6.469499e-03      	3.639413e-02      
