Sensor Model:   CX-1070-SD
Serial Number:  X05932
Data Format:    4      (Log Ohms/Kelvin)
SetPoint Limit: 325.0      (Kelvin)
Temperature coefficient:  1 (Negative)
Number of Breakpoints:   200

No.   Units      Temperature (K)

1	4.88842973	1.58
2	4.841478295	1.62215391
3	4.829078463	1.665432473
4	4.821347071	1.709865695
5	4.808628033	1.755484382
6	4.779671921	1.80232016
7	4.742517928	1.850405503
8	4.685172345	1.899773748
9	4.68267701	1.950459123
10	4.68057363	2.002496767
11	4.644339422	2.05592276
12	4.621332833	2.110774141
13	4.599261787	2.167088941
14	4.544822395	2.224906202
15	4.494486463	2.284266009
16	4.468621546	2.345209518
17	4.456308599	2.40777898
18	4.430861309	2.472017777
19	4.405993046	2.537970444
20	4.375908271	2.605682709
21	4.353557401	2.675201515
22	4.331925899	2.746575062
23	4.314615833	2.819852833
24	4.297720487	2.895085632
25	4.260097557	2.972325619
26	4.240791449	3.051626344
27	4.211829202	3.133042789
28	4.194843858	3.216631399
29	4.165235682	3.302450127
30	4.143558788	3.390558472
31	4.089618606	3.48101752
32	4.074695926	3.573889988
33	4.054830429	3.669240265
34	4.04310009	3.767134457
35	4.024362901	3.867640436
36	3.998948457	3.970827883
37	3.974824793	4.07676834
38	3.952850398	4.185535254
39	3.938948991	4.297204037
40	3.922940781	4.411852108
41	3.902695561	4.529558954
42	3.879759962	4.650406182
43	3.860061408	4.774477577
44	3.828570211	4.901859158
45	3.796876483	5.03263924
46	3.772394724	5.166908494
47	3.746906842	5.30476001
48	3.728952324	5.446289362
49	3.707889607	5.591594673
50	3.691075109	5.740776684
51	3.674781495	5.893938826
52	3.659140465	6.051187286
53	3.642836078	6.212631086
54	3.629072171	6.378382156
55	3.614604565	6.548555414
56	3.598978847	6.723268842
57	3.58101741	6.902643569
58	3.561900637	7.086803959
59	3.54165877	7.27587769
60	3.525992883	7.469995851
61	3.509893252	7.669293023
62	3.494234263	7.873907382
63	3.47863582	8.083980789
64	3.458874203	8.29965889
65	3.441289147	8.521091215
66	3.4285072	8.748431286
67	3.416937398	8.981836719
68	3.403304169	9.221469337
69	3.392317962	9.467495279
70	3.377415246	9.720085117
71	3.371283496	9.979413973
72	3.36527252	10.24566164
73	3.388161404	10.51901272
74	3.38523176	10.79965671
75	3.320115792	11.08778821
76	3.297929049	11.38360696
77	3.284813556	11.68731806
78	3.266807434	11.99913208
79	3.256196831	12.3192652
80	3.242784487	12.64793938
81	3.231308044	12.98538248
82	3.21169958	13.33182846
83	3.198661873	13.6875175
84	3.185689956	14.05269623
85	3.173291043	14.4276178
86	3.159608133	14.81254217
87	3.145764273	15.2077362
88	3.134008046	15.61347389
89	3.119880416	16.03003653
90	3.107403975	16.45771293
91	3.096363218	16.89679961
92	3.081068065	17.34760098
93	3.069019139	17.8104296
94	3.057284906	18.28560633
95	3.045397526	18.77346064
96	3.031472675	19.27433075
97	3.018957887	19.78856391
98	3.006502211	20.31651666
99	2.993870805	20.85855502
100	2.97951727	21.4150548
101	2.968273474	21.98640182
102	2.957479172	22.57299221
103	2.945510637	23.17523264
104	2.934106974	23.79354066
105	2.921939352	24.42834494
106	2.910292336	25.08008561
107	2.898584846	25.74921451
108	2.886679949	26.43619557
109	2.874533337	27.14150507
110	2.86247975	27.86563201
111	2.850328678	28.60907843
112	2.838119336	29.37235977
113	2.825995153	30.15600522
114	2.81382155	30.96055808
115	2.801759804	31.78657617
116	2.789587832	32.63463216
117	2.777466086	33.50531403
118	2.765321084	34.39922542
119	2.753288182	35.31698608
120	2.741289667	36.25923232
121	2.729291625	37.22661739
122	2.717161628	38.219812
123	2.705115438	39.23950473
124	2.693036752	40.28640254
125	2.681091808	41.36123127
126	2.669139821	42.46473609
127	2.657096514	43.59768208
128	2.645124321	44.76085471
129	2.633132401	45.95506044
130	2.621100393	47.1811272
131	2.609067196	48.43990504
132	2.597420342	49.73226668
133	2.5858545	51.05910813
134	2.57188962	52.4213493
135	2.560243676	53.81993464
136	2.549458822	55.25583381
137	2.537692267	56.73004231
138	2.525782932	58.24358225
139	2.51386576	59.79750296
140	2.502004162	61.39288179
141	2.489855357	63.03082484
142	2.475593566	64.7124677
143	2.461081957	66.43897626
144	2.449039324	68.21154755
145	2.437718132	70.03141048
146	2.426952061	71.89982679
147	2.416244442	73.81809187
148	2.404526126	75.78753567
149	2.392686349	77.80952361
150	2.380904791	79.88545757
151	2.368879699	82.0167768
152	2.357013387	84.20495897
153	2.345159062	86.45152116
154	2.333341962	88.75802093
155	2.321562226	91.12605741
156	2.309765376	93.55727236
157	2.298033051	96.05335137
158	2.286510662	98.61602499
159	2.274966332	101.24707
160	2.263155131	103.9483104
161	2.251256645	106.7216191
162	2.239392587	109.5689188
163	2.227398392	112.4921835
164	2.215507747	115.4934401
165	2.203858683	118.5747693
166	2.192271411	121.7383073
167	2.180743344	124.9862476
168	2.169156777	128.3208419
169	2.157553067	131.7444022
170	2.145882915	135.259302
171	2.134324908	138.8679782
172	2.122596524	142.5729328
173	2.110945603	146.3767344
174	2.099340382	150.2820203
175	2.087436624	154.291498
176	2.075546105	158.4079473
177	2.064407155	162.6342222
178	2.052714526	166.9732528
179	2.041081945	171.4280474
180	2.029424938	176.0016946
181	2.017866057	180.6973652
182	2.006274642	185.5183149
183	1.994671036	190.467886
184	1.983145925	195.5495101
185	1.971838215	200.7667104
186	1.960230894	206.1231039
187	1.950532756	211.6224044
188	1.939798037	217.2684245
189	1.928472673	223.0650787
190	1.917220542	229.0163858
191	1.901551058	235.126472
192	1.889659962	241.3995733
193	1.878644402	247.8400391
194	1.867209668	254.4523345
195	1.856057247	261.2410438
196	1.844930577	268.2108739
197	1.83407357	275.3666568
198	1.823521694	282.7133538
199	1.812431291	290.2560584
200	1.803256722	298
