TDI Format 1.5	Temperature	Resistance
Measurement Title{String}=	2.916E+2	4.7878E+0	4.687595E-2
Timestamp{Timestamp}=09:35:56.547 19/11/2010	2.916E+2	4.78736E+0	1.125022E+0
User{String}=phygbu	2.916E+2	4.78788E+0	2.187542E+0
 	2.916E+2	4.78758E+0	3.250062E+0
 	2.916E+2	4.78782E+0	4.312583E+0
 	2.916E+2	4.7878E+0	5.375103E+0
 	2.916E+2	4.78748E+0	6.453249E+0
 	2.916E+2	4.7878E+0	7.515769E+0
 	2.916E+2	4.78789E+0	8.57829E+0
 	2.916E+2	4.78785E+0	9.64081E+0
 	2.916E+2	4.78783E+0	1.071896E+1
 	2.916E+2	4.78788E+0	1.178148E+1
 	2.916E+2	4.7875E+0	1.2844E+1
 	2.916E+2	4.78805E+0	1.390652E+1
 	2.916E+2	4.78769E+0	1.498466E+1
 	2.916E+2	4.78731E+0	1.604718E+1
 	2.916E+2	4.7875E+0	1.71097E+1
 	2.916E+2	4.78746E+0	1.817222E+1
 	2.916E+2	4.78768E+0	1.923474E+1
 	2.916E+2	4.78795E+0	2.029727E+1
 	2.915E+2	4.78753E+0	2.135979E+1
 	2.915E+2	4.78724E+0	2.243793E+1
 	2.916E+2	4.7879E+0	2.350045E+1
 	2.915E+2	4.78782E+0	2.456297E+1
 	2.915E+2	4.78777E+0	2.562549E+1
 	2.915E+2	4.78789E+0	2.670364E+1
 	2.915E+2	4.78788E+0	2.776616E+1
 	2.915E+2	4.78754E+0	2.882868E+1
 	2.915E+2	4.7875E+0	2.98912E+1
 	2.915E+2	4.78764E+0	3.095372E+1
 	2.915E+2	4.78715E+0	3.201624E+1
 	2.915E+2	4.78702E+0	3.307876E+1
 	2.915E+2	4.7873E+0	3.414128E+1
 	2.914E+2	4.78744E+0	3.521943E+1
 	2.913E+2	4.78811E+0	3.628195E+1
 	2.912E+2	4.79221E+0	3.734447E+1
 	2.911E+2	4.79425E+0	3.840699E+1
 	2.91E+2	4.79464E+0	3.946951E+1
 	2.909E+2	4.79526E+0	4.053203E+1
 	2.908E+2	4.79585E+0	4.161017E+1
 	2.907E+2	4.79613E+0	4.267269E+1
 	2.905E+2	4.79659E+0	4.375084E+1
 	2.904E+2	4.79721E+0	4.481336E+1
 	2.902E+2	4.79776E+0	4.587588E+1
 	2.901E+2	4.79799E+0	4.69384E+1
 	2.9E+2	4.79864E+0	4.801655E+1
 	2.898E+2	4.79928E+0	4.907907E+1
 	2.897E+2	4.80006E+0	5.014159E+1
 	2.896E+2	4.80008E+0	5.120411E+1
 	2.894E+2	4.80095E+0	5.232913E+1
 	2.893E+2	4.80152E+0	5.339165E+1
 	2.892E+2	4.8019E+0	5.44698E+1
 	2.89E+2	4.80301E+0	5.553232E+1
 	2.889E+2	4.80346E+0	5.659484E+1
 	2.887E+2	4.80391E+0	5.765736E+1
 	2.886E+2	4.80477E+0	5.871988E+1
 	2.885E+2	4.80519E+0	5.979802E+1
 	2.883E+2	4.80618E+0	6.086054E+1
 	2.882E+2	4.80689E+0	6.192306E+1
 	2.88E+2	4.80759E+0	6.298558E+1
 	2.879E+2	4.80814E+0	6.406373E+1
 	2.878E+2	4.80854E+0	6.512625E+1
 	2.876E+2	4.80933E+0	6.618877E+1
 	2.875E+2	4.81023E+0	6.728254E+1
 	2.873E+2	4.81041E+0	6.836069E+1
 	2.872E+2	4.81172E+0	6.942321E+1
 	2.87E+2	4.81209E+0	7.048573E+1
 	2.869E+2	4.81321E+0	7.156387E+1
 	2.867E+2	4.81361E+0	7.262639E+1
 	2.866E+2	4.81422E+0	7.368891E+1
 	2.864E+2	4.815E+0	7.475144E+1
 	2.863E+2	4.81519E+0	7.581396E+1
 	2.861E+2	4.81627E+0	7.687648E+1
 	2.86E+2	4.81696E+0	7.7939E+1
 	2.859E+2	4.81732E+0	7.900152E+1
 	2.857E+2	4.81896E+0	8.007966E+1
 	2.856E+2	4.81947E+0	8.114218E+1
 	2.854E+2	4.81988E+0	8.22047E+1
 	2.853E+2	4.82072E+0	8.326722E+1
 	2.851E+2	4.82136E+0	8.434537E+1
 	2.85E+2	4.82234E+0	8.540789E+1
 	2.848E+2	4.82259E+0	8.647041E+1
 	2.847E+2	4.82348E+0	8.753293E+1
 	2.845E+2	4.82433E+0	8.859545E+1
 	2.844E+2	4.82488E+0	8.96736E+1
 	2.842E+2	4.82573E+0	9.073612E+1
 	2.841E+2	4.82651E+0	9.179864E+1
 	2.84E+2	4.82707E+0	9.286116E+1
 	2.838E+2	4.82752E+0	9.392368E+1
 	2.837E+2	4.82839E+0	9.49862E+1
 	2.835E+2	4.8292E+0	9.604872E+1
 	2.834E+2	4.82998E+0	9.712686E+1
 	2.832E+2	4.83031E+0	9.818939E+1
 	2.831E+2	4.83114E+0	9.925191E+1
 	2.83E+2	4.83156E+0	1.003144E+2
 	2.828E+2	4.83208E+0	1.013769E+2
 	2.826E+2	4.83309E+0	1.024395E+2
 	2.825E+2	4.83382E+0	1.035176E+2
 	2.824E+2	4.83429E+0	1.045801E+2
 	2.823E+2	4.83502E+0	1.056427E+2
 	2.821E+2	4.83546E+0	1.067052E+2
 	2.82E+2	4.83622E+0	1.077677E+2
 	2.819E+2	4.83672E+0	1.088458E+2
 	2.817E+2	4.83733E+0	1.099084E+2
 	2.816E+2	4.83807E+0	1.109865E+2
 	2.814E+2	4.83864E+0	1.12049E+2
 	2.813E+2	4.83895E+0	1.131115E+2
 	2.811E+2	4.83903E+0	1.141741E+2
 	2.81E+2	4.83956E+0	1.152522E+2
 	2.809E+2	4.83953E+0	1.163147E+2
 	2.807E+2	4.8401E+0	1.173773E+2
 	2.806E+2	4.84108E+0	1.184398E+2
 	2.805E+2	4.8418E+0	1.195023E+2
 	2.803E+2	4.84227E+0	1.205804E+2
 	2.802E+2	4.84288E+0	1.21643E+2
 	2.8E+2	4.84667E+0	1.227211E+2
 	2.798E+2	4.84775E+0	1.237836E+2
 	2.796E+2	4.84857E+0	1.248461E+2
 	2.794E+2	4.8502E+0	1.259087E+2
 	2.791E+2	4.85112E+0	1.269868E+2
 	2.789E+2	4.85252E+0	1.280493E+2
 	2.786E+2	4.85315E+0	1.291119E+2
 	2.784E+2	4.85414E+0	1.301744E+2
 	2.782E+2	4.85519E+0	1.312525E+2
 	2.78E+2	4.85651E+0	1.32315E+2
 	2.777E+2	4.85749E+0	1.333776E+2
 	2.775E+2	4.85864E+0	1.344401E+2
 	2.772E+2	4.85995E+0	1.355026E+2
 	2.77E+2	4.8612E+0	1.365807E+2
 	2.768E+2	4.86231E+0	1.376433E+2
 	2.766E+2	4.86356E+0	1.387214E+2
 	2.763E+2	4.8644E+0	1.397839E+2
 	2.761E+2	4.86572E+0	1.408621E+2
 	2.758E+2	4.86682E+0	1.419246E+2
 	2.756E+2	4.8676E+0	1.429871E+2
 	2.754E+2	4.8689E+0	1.440653E+2
 	2.752E+2	4.87003E+0	1.451278E+2
 	2.75E+2	4.87124E+0	1.461903E+2
 	2.747E+2	4.87241E+0	1.472528E+2
 	2.745E+2	4.87352E+0	1.483153E+2
 	2.743E+2	4.8747E+0	1.493935E+2
 	2.74E+2	4.87595E+0	1.50456E+2
 	2.738E+2	4.87687E+0	1.515185E+2
 	2.736E+2	4.87816E+0	1.525811E+2
 	2.733E+2	4.87904E+0	1.536436E+2
 	2.731E+2	4.88059E+0	1.547061E+2
 	2.729E+2	4.88162E+0	1.557842E+2
 	2.727E+2	4.8825E+0	1.568468E+2
 	2.725E+2	4.88396E+0	1.579093E+2
 	2.723E+2	4.88489E+0	1.589718E+2
 	2.72E+2	4.88585E+0	1.600343E+2
 	2.718E+2	4.88723E+0	1.610968E+2
 	2.716E+2	4.88818E+0	1.621594E+2
 	2.714E+2	4.88949E+0	1.632219E+2
 	2.712E+2	4.89049E+0	1.643E+2
 	2.71E+2	4.89167E+0	1.653626E+2
 	2.707E+2	4.89285E+0	1.664251E+2
 	2.705E+2	4.89367E+0	1.675188E+2
 	2.703E+2	4.89508E+0	1.685814E+2
 	2.701E+2	4.89607E+0	1.696439E+2
 	2.698E+2	4.89707E+0	1.707064E+2
 	2.696E+2	4.89839E+0	1.717689E+2
 	2.694E+2	4.89938E+0	1.728314E+2
 	2.692E+2	4.90034E+0	1.739096E+2
 	2.69E+2	4.9018E+0	1.749721E+2
 	2.688E+2	4.90276E+0	1.760346E+2
 	2.686E+2	4.90388E+0	1.771128E+2
 	2.684E+2	4.90507E+0	1.781753E+2
 	2.682E+2	4.90604E+0	1.792378E+2
 	2.679E+2	4.90723E+0	1.803003E+2
 	2.677E+2	4.90786E+0	1.813629E+2
 	2.675E+2	4.90907E+0	1.824254E+2
 	2.673E+2	4.91014E+0	1.835035E+2
 	2.671E+2	4.91153E+0	1.84566E+2
 	2.669E+2	4.91268E+0	1.856286E+2
 	2.667E+2	4.91371E+0	1.866911E+2
 	2.665E+2	4.9149E+0	1.877692E+2
 	2.663E+2	4.91588E+0	1.888318E+2
 	2.661E+2	4.91697E+0	1.898943E+2
 	2.659E+2	4.91761E+0	1.909568E+2
 	2.657E+2	4.91893E+0	1.920193E+2
 	2.654E+2	4.91991E+0	1.930818E+2
 	2.652E+2	4.92073E+0	1.941444E+2
 	2.651E+2	4.92197E+0	1.952225E+2
 	2.648E+2	4.92281E+0	1.96285E+2
 	2.646E+2	4.92403E+0	1.973475E+2
 	2.645E+2	4.92495E+0	1.984257E+2
 	2.642E+2	4.92643E+0	1.995038E+2
 	2.641E+2	4.92698E+0	2.005664E+2
 	2.639E+2	4.92837E+0	2.016289E+2
 	2.637E+2	4.92912E+0	2.026914E+2
 	2.635E+2	4.93025E+0	2.037539E+2
 	2.633E+2	4.931E+0	2.048164E+2
 	2.631E+2	4.93221E+0	2.05879E+2
 	2.629E+2	4.93292E+0	2.069415E+2
 	2.627E+2	4.93353E+0	2.080196E+2
 	2.625E+2	4.93479E+0	2.090821E+2
 	2.623E+2	4.93583E+0	2.101759E+2
 	2.621E+2	4.93638E+0	2.112384E+2
 	2.619E+2	4.93791E+0	2.123166E+2
 	2.617E+2	4.93887E+0	2.134103E+2
 	2.615E+2	4.93988E+0	2.144729E+2
 	2.614E+2	4.94053E+0	2.15551E+2
 	2.612E+2	4.94205E+0	2.166135E+2
 	2.61E+2	4.94263E+0	2.176761E+2
 	2.608E+2	4.94325E+0	2.187386E+2
 	2.606E+2	4.94422E+0	2.198011E+2
 	2.604E+2	4.94553E+0	2.208636E+2
 	2.603E+2	4.94577E+0	2.219261E+2
 	2.601E+2	4.94689E+0	2.230043E+2
 	2.599E+2	4.94773E+0	2.240668E+2
 	2.597E+2	4.94872E+0	2.251293E+2
 	2.595E+2	4.94913E+0	2.261918E+2
 	2.593E+2	4.95054E+0	2.2727E+2
 	2.592E+2	4.95107E+0	2.283325E+2
 	2.59E+2	4.95189E+0	2.29395E+2
 	2.588E+2	4.95291E+0	2.304576E+2
 	2.586E+2	4.95401E+0	2.315201E+2
 	2.584E+2	4.95456E+0	2.325826E+2
 	2.583E+2	4.95582E+0	2.336451E+2
 	2.581E+2	4.95662E+0	2.347233E+2
 	2.579E+2	4.95809E+0	2.358014E+2
 	2.577E+2	4.95862E+0	2.368639E+2
 	2.575E+2	4.95951E+0	2.379264E+2
 	2.574E+2	4.96084E+0	2.38989E+2
 	2.572E+2	4.96159E+0	2.400515E+2
 	2.57E+2	4.96253E+0	2.41114E+2
 	2.569E+2	4.96317E+0	2.421765E+2
 	2.567E+2	4.96387E+0	2.432547E+2
 	2.565E+2	4.96486E+0	2.443172E+2
 	2.563E+2	4.9657E+0	2.453797E+2
 	2.562E+2	4.96694E+0	2.464422E+2
 	2.56E+2	4.96772E+0	2.475048E+2
 	2.558E+2	4.96875E+0	2.485673E+2
 	2.557E+2	4.96948E+0	2.496454E+2
 	2.555E+2	4.9703E+0	2.507079E+2
 	2.553E+2	4.97109E+0	2.517705E+2
 	2.552E+2	4.97214E+0	2.52833E+2
 	2.55E+2	4.97271E+0	2.539111E+2
 	2.549E+2	4.97422E+0	2.549736E+2
 	2.547E+2	4.9746E+0	2.560362E+2
 	2.545E+2	4.97544E+0	2.570987E+2
 	2.543E+2	4.97638E+0	2.581612E+2
 	2.542E+2	4.97727E+0	2.592237E+2
 	2.54E+2	4.97794E+0	2.603019E+2
 	2.539E+2	4.97857E+0	2.613644E+2
 	2.537E+2	4.97966E+0	2.624269E+2
 	2.535E+2	4.98E+0	2.635051E+2
 	2.534E+2	4.98137E+0	2.645676E+2
 	2.532E+2	4.98211E+0	2.656301E+2
 	2.531E+2	4.98297E+0	2.666926E+2
 	2.529E+2	4.98387E+0	2.677551E+2
 	2.528E+2	4.98446E+0	2.688177E+2
 	2.526E+2	4.98536E+0	2.698958E+2
 	2.524E+2	4.98656E+0	2.709583E+2
 	2.523E+2	4.98706E+0	2.720208E+2
 	2.521E+2	4.98765E+0	2.730834E+2
 	2.52E+2	4.98818E+0	2.741459E+2
 	2.518E+2	4.9893E+0	2.752084E+2
 	2.516E+2	4.99E+0	2.762866E+2
 	2.515E+2	4.99033E+0	2.773491E+2
 	2.513E+2	4.99202E+0	2.784116E+2
 	2.512E+2	4.99213E+0	2.794741E+2
 	2.51E+2	4.9929E+0	2.805366E+2
 	2.509E+2	4.99355E+0	2.815992E+2
 	2.508E+2	4.99427E+0	2.826617E+2
 	2.506E+2	4.99487E+0	2.837242E+2
 	2.504E+2	4.99625E+0	2.847867E+2
 	2.503E+2	4.9965E+0	2.858492E+2
 	2.502E+2	4.99794E+0	2.869118E+2
 	2.5E+2	4.99813E+0	2.879899E+2
 	2.499E+2	4.99869E+0	2.890524E+2
 	2.497E+2	4.99995E+0	2.901149E+2
 	2.496E+2	5.00053E+0	2.911931E+2
 	2.494E+2	5.00175E+0	2.922556E+2
 	2.493E+2	5.00215E+0	2.933181E+2
 	2.491E+2	5.00252E+0	2.943807E+2
 	2.49E+2	5.00387E+0	2.954588E+2
 	2.488E+2	5.00438E+0	2.965213E+2
 	2.487E+2	5.00544E+0	2.975838E+2
 	2.486E+2	5.00565E+0	2.986464E+2
 	2.484E+2	5.00659E+0	2.997245E+2
 	2.483E+2	5.00729E+0	3.00787E+2
 	2.481E+2	5.00791E+0	3.018495E+2
 	2.48E+2	5.00891E+0	3.029121E+2
 	2.478E+2	5.0093E+0	3.039746E+2
 	2.477E+2	5.01046E+0	3.050371E+2
 	2.476E+2	5.01123E+0	3.060996E+2
 	2.474E+2	5.01184E+0	3.071621E+2
 	2.473E+2	5.01236E+0	3.082247E+2
 	2.472E+2	5.01317E+0	3.092872E+2
 	2.47E+2	5.01384E+0	3.103653E+2
 	2.469E+2	5.01432E+0	3.114279E+2
 	2.468E+2	5.01516E+0	3.124904E+2
 	2.466E+2	5.01658E+0	3.135529E+2
 	2.465E+2	5.01702E+0	3.146154E+2
 	2.464E+2	5.01742E+0	3.156779E+2
 	2.462E+2	5.01775E+0	3.167405E+2
 	2.461E+2	5.01905E+0	3.178186E+2
 	2.46E+2	5.01947E+0	3.188811E+2
 	2.458E+2	5.02061E+0	3.199436E+2
 	2.457E+2	5.02115E+0	3.210062E+2
 	2.456E+2	5.02177E+0	3.220687E+2
 	2.454E+2	5.02264E+0	3.231312E+2
 	2.453E+2	5.02311E+0	3.241937E+2
 	2.452E+2	5.02384E+0	3.252562E+2
 	2.451E+2	5.02465E+0	3.263344E+2
 	2.449E+2	5.02535E+0	3.273969E+2
 	2.448E+2	5.02576E+0	3.284594E+2
 	2.447E+2	5.02676E+0	3.29522E+2
 	2.445E+2	5.02725E+0	3.305845E+2
 	2.444E+2	5.02852E+0	3.31647E+2
 	2.443E+2	5.02857E+0	3.327095E+2
 	2.442E+2	5.02991E+0	3.337877E+2
 	2.44E+2	5.03009E+0	3.348502E+2
 	2.439E+2	5.03105E+0	3.359127E+2
 	2.438E+2	5.03186E+0	3.369752E+2
 	2.436E+2	5.03234E+0	3.380377E+2
 	2.435E+2	5.03272E+0	3.391003E+2
 	2.434E+2	5.03365E+0	3.401628E+2
 	2.433E+2	5.03441E+0	3.412253E+2
 	2.432E+2	5.03497E+0	3.422878E+2
 	2.43E+2	5.0354E+0	3.43366E+2
 	2.429E+2	5.03615E+0	3.444285E+2
 	2.428E+2	5.03709E+0	3.45491E+2
 	2.427E+2	5.03771E+0	3.465535E+2
 	2.425E+2	5.03837E+0	3.47616E+2
 	2.424E+2	5.03908E+0	3.486786E+2
 	2.423E+2	5.04E+0	3.497411E+2
 	2.422E+2	5.04005E+0	3.508192E+2
 	2.42E+2	5.04108E+0	3.518818E+2
 	2.419E+2	5.0418E+0	3.529443E+2
 	2.418E+2	5.04203E+0	3.540068E+2
 	2.417E+2	5.0427E+0	3.550693E+2
 	2.416E+2	5.04347E+0	3.561318E+2
 	2.415E+2	5.04416E+0	3.571944E+2
 	2.414E+2	5.04461E+0	3.582569E+2
 	2.412E+2	5.04564E+0	3.59335E+2
 	2.411E+2	5.04612E+0	3.603975E+2
 	2.41E+2	5.04655E+0	3.614601E+2
 	2.409E+2	5.04725E+0	3.625226E+2
 	2.408E+2	5.04803E+0	3.635851E+2
 	2.407E+2	5.04872E+0	3.646476E+2
 	2.405E+2	5.049E+0	3.657101E+2
 	2.404E+2	5.04983E+0	3.667727E+2
 	2.403E+2	5.05052E+0	3.678352E+2
 	2.402E+2	5.05115E+0	3.689133E+2
 	2.401E+2	5.05191E+0	3.699759E+2
 	2.4E+2	5.05245E+0	3.710384E+2
 	2.399E+2	5.05311E+0	3.721009E+2
 	2.397E+2	5.05383E+0	3.73179E+2
 	2.397E+2	5.05451E+0	3.742416E+2
 	2.395E+2	5.05485E+0	3.753041E+2
 	2.394E+2	5.05595E+0	3.763666E+2
 	2.393E+2	5.05665E+0	3.774291E+2
 	2.392E+2	5.05691E+0	3.785073E+2
 	2.391E+2	5.05773E+0	3.795698E+2
 	2.389E+2	5.05873E+0	3.806323E+2
 	2.388E+2	5.05897E+0	3.816948E+2
 	2.387E+2	5.05993E+0	3.827573E+2
 	2.386E+2	5.06032E+0	3.838355E+2
 	2.384E+2	5.06113E+0	3.84898E+2
 	2.383E+2	5.06199E+0	3.859605E+2
 	2.382E+2	5.06265E+0	3.870231E+2
 	2.38E+2	5.06309E+0	3.880856E+2
 	2.379E+2	5.06385E+0	3.891637E+2
 	2.378E+2	5.06479E+0	3.902262E+2
 	2.376E+2	5.06552E+0	3.913044E+2
 	2.374E+2	5.06675E+0	3.923669E+2
 	2.373E+2	5.06786E+0	3.934294E+2
 	2.371E+2	5.06895E+0	3.944919E+2
 	2.369E+2	5.06985E+0	3.955545E+2
 	2.367E+2	5.071E+0	3.96617E+2
 	2.365E+2	5.07205E+0	3.976795E+2
 	2.363E+2	5.07318E+0	3.987577E+2
 	2.361E+2	5.07374E+0	3.998202E+2
 	2.36E+2	5.07442E+0	4.008827E+2
 	2.358E+2	5.07605E+0	4.019452E+2
 	2.356E+2	5.07681E+0	4.030077E+2
 	2.354E+2	5.07788E+0	4.040703E+2
 	2.352E+2	5.07916E+0	4.051328E+2
 	2.35E+2	5.0802E+0	4.061953E+2
 	2.349E+2	5.0814E+0	4.072578E+2
 	2.347E+2	5.08225E+0	4.08336E+2
 	2.345E+2	5.08301E+0	4.093985E+2
 	2.343E+2	5.08412E+0	4.104766E+2
 	2.341E+2	5.0851E+0	4.115548E+2
 	2.34E+2	5.08627E+0	4.126173E+2
 	2.338E+2	5.08726E+0	4.136798E+2
 	2.336E+2	5.08821E+0	4.147423E+2
 	2.334E+2	5.08934E+0	4.158049E+2
 	2.333E+2	5.09033E+0	4.16883E+2
 	2.331E+2	5.09136E+0	4.179455E+2
 	2.329E+2	5.09226E+0	4.19008E+2
 	2.327E+2	5.09324E+0	4.200706E+2
 	2.326E+2	5.09432E+0	4.211331E+2
 	2.324E+2	5.09583E+0	4.222112E+2
 	2.322E+2	5.0964E+0	4.232738E+2
 	2.32E+2	5.09759E+0	4.243363E+2
 	2.318E+2	5.0982E+0	4.253988E+2
 	2.317E+2	5.09951E+0	4.264613E+2
 	2.315E+2	5.10022E+0	4.275238E+2
 	2.313E+2	5.10134E+0	4.285864E+2
 	2.311E+2	5.10227E+0	4.296645E+2
 	2.31E+2	5.10344E+0	4.30727E+2
 	2.308E+2	5.10431E+0	4.317895E+2
 	2.307E+2	5.10547E+0	4.328521E+2
 	2.305E+2	5.10664E+0	4.339146E+2
 	2.303E+2	5.10762E+0	4.349771E+2
 	2.301E+2	5.10845E+0	4.360396E+2
 	2.3E+2	5.10942E+0	4.371021E+2
 	2.298E+2	5.11074E+0	4.381803E+2
 	2.297E+2	5.11185E+0	4.392428E+2
 	2.295E+2	5.11253E+0	4.403053E+2
 	2.293E+2	5.11357E+0	4.413678E+2
 	2.291E+2	5.11471E+0	4.42446E+2
 	2.29E+2	5.11562E+0	4.435085E+2
 	2.288E+2	5.11646E+0	4.44571E+2
 	2.286E+2	5.1175E+0	4.456336E+2
 	2.285E+2	5.11834E+0	4.466961E+2
 	2.283E+2	5.11972E+0	4.477586E+2
 	2.281E+2	5.12077E+0	4.488367E+2
 	2.28E+2	5.12161E+0	4.498993E+2
 	2.278E+2	5.12271E+0	4.509618E+2
 	2.277E+2	5.12324E+0	4.520243E+2
 	2.275E+2	5.1246E+0	4.531024E+2
 	2.274E+2	5.12561E+0	4.54165E+2
 	2.272E+2	5.12644E+0	4.552275E+2
 	2.27E+2	5.12727E+0	4.5629E+2
 	2.269E+2	5.12857E+0	4.573525E+2
 	2.267E+2	5.12943E+0	4.584151E+2
 	2.266E+2	5.13036E+0	4.594932E+2
 	2.264E+2	5.13127E+0	4.605557E+2
 	2.262E+2	5.13186E+0	4.616339E+2
 	2.261E+2	5.13311E+0	4.626964E+2
 	2.259E+2	5.13407E+0	4.637589E+2
 	2.258E+2	5.13512E+0	4.648214E+2
 	2.257E+2	5.13615E+0	4.658839E+2
 	2.255E+2	5.13664E+0	4.669465E+2
 	2.253E+2	5.13748E+0	4.680246E+2
 	2.252E+2	5.1389E+0	4.690871E+2
 	2.25E+2	5.13998E+0	4.701497E+2
 	2.249E+2	5.14039E+0	4.712122E+2
 	2.248E+2	5.14148E+0	4.722903E+2
 	2.246E+2	5.14226E+0	4.733528E+2
 	2.244E+2	5.14302E+0	4.744154E+2
 	2.243E+2	5.14391E+0	4.754935E+2
 	2.241E+2	5.14486E+0	4.76556E+2
 	2.24E+2	5.14574E+0	4.776185E+2
 	2.239E+2	5.14678E+0	4.786811E+2
 	2.237E+2	5.14739E+0	4.797436E+2
 	2.236E+2	5.14868E+0	4.808061E+2
 	2.234E+2	5.14921E+0	4.818843E+2
 	2.233E+2	5.15037E+0	4.829468E+2
 	2.232E+2	5.15135E+0	4.840093E+2
 	2.23E+2	5.15213E+0	4.850718E+2
 	2.229E+2	5.15279E+0	4.8615E+2
 	2.227E+2	5.15386E+0	4.872125E+2
 	2.226E+2	5.15456E+0	4.882906E+2
 	2.225E+2	5.15564E+0	4.893531E+2
 	2.223E+2	5.15571E+0	4.904157E+2
 	2.222E+2	5.15691E+0	4.914782E+2
 	2.22E+2	5.15804E+0	4.925407E+2
 	2.219E+2	5.15884E+0	4.936032E+2
 	2.217E+2	5.15953E+0	4.946814E+2
 	2.216E+2	5.16064E+0	4.957439E+2
 	2.215E+2	5.16131E+0	4.968064E+2
 	2.213E+2	5.16216E+0	4.978689E+2
 	2.212E+2	5.16319E+0	4.989315E+2
 	2.211E+2	5.16387E+0	4.99994E+2
 	2.21E+2	5.16469E+0	5.010721E+2
 	2.208E+2	5.16557E+0	5.021346E+2
 	2.207E+2	5.16627E+0	5.031972E+2
 	2.206E+2	5.16657E+0	5.042597E+2
 	2.204E+2	5.16815E+0	5.053222E+2
 	2.203E+2	5.16863E+0	5.063847E+2
 	2.202E+2	5.16972E+0	5.074472E+2
 	2.2E+2	5.17045E+0	5.085098E+2
 	2.199E+2	5.17109E+0	5.095723E+2
 	2.198E+2	5.17184E+0	5.106504E+2
 	2.196E+2	5.17264E+0	5.117129E+2
 	2.195E+2	5.17316E+0	5.127755E+2
 	2.194E+2	5.17468E+0	5.13838E+2
 	2.193E+2	5.17548E+0	5.149005E+2
 	2.191E+2	5.17599E+0	5.159787E+2
 	2.19E+2	5.17685E+0	5.170412E+2
 	2.189E+2	5.17754E+0	5.181037E+2
 	2.188E+2	5.17816E+0	5.191662E+2
 	2.186E+2	5.17904E+0	5.202287E+2
 	2.185E+2	5.17968E+0	5.212913E+2
 	2.184E+2	5.1807E+0	5.223538E+2
 	2.183E+2	5.18149E+0	5.234163E+2
 	2.181E+2	5.18204E+0	5.244788E+2
 	2.18E+2	5.18292E+0	5.25557E+2
 	2.179E+2	5.1837E+0	5.266195E+2
 	2.177E+2	5.18439E+0	5.277133E+2
 	2.176E+2	5.1853E+0	5.287758E+2
 	2.175E+2	5.18603E+0	5.298383E+2
 	2.174E+2	5.1867E+0	5.309008E+2
 	2.172E+2	5.18763E+0	5.319633E+2
 	2.171E+2	5.18868E+0	5.330415E+2
 	2.169E+2	5.18977E+0	5.34104E+2
 	2.167E+2	5.19052E+0	5.351665E+2
 	2.165E+2	5.19211E+0	5.362447E+2
 	2.164E+2	5.19303E+0	5.373072E+2
 	2.162E+2	5.19363E+0	5.383697E+2
 	2.16E+2	5.19524E+0	5.394322E+2
 	2.158E+2	5.19622E+0	5.404948E+2
 	2.156E+2	5.19729E+0	5.415573E+2
 	2.155E+2	5.19833E+0	5.426198E+2
 	2.153E+2	5.19962E+0	5.436979E+2
 	2.151E+2	5.20079E+0	5.447605E+2
 	2.15E+2	5.20171E+0	5.45823E+2
 	2.147E+2	5.20256E+0	5.468855E+2
 	2.146E+2	5.20358E+0	5.47948E+2
 	2.144E+2	5.2048E+0	5.490262E+2
 	2.142E+2	5.20585E+0	5.500887E+2
 	2.141E+2	5.20707E+0	5.511512E+2
 	2.139E+2	5.20839E+0	5.522294E+2
 	2.137E+2	5.2096E+0	5.532919E+2
 	2.135E+2	5.21015E+0	5.543544E+2
 	2.134E+2	5.21206E+0	5.554169E+2
 	2.132E+2	5.21257E+0	5.564794E+2
 	2.131E+2	5.21372E+0	5.575576E+2
 	2.129E+2	5.21481E+0	5.586201E+2
 	2.127E+2	5.21618E+0	5.596826E+2
 	2.125E+2	5.21699E+0	5.607608E+2
 	2.124E+2	5.21784E+0	5.618233E+2
 	2.122E+2	5.2193E+0	5.628858E+2
 	2.121E+2	5.22015E+0	5.639483E+2
 	2.119E+2	5.22134E+0	5.650108E+2
 	2.117E+2	5.22253E+0	5.66089E+2
 	2.115E+2	5.22377E+0	5.671515E+2
 	2.114E+2	5.22431E+0	5.68214E+2
 	2.112E+2	5.2258E+0	5.692766E+2
 	2.111E+2	5.22701E+0	5.703391E+2
 	2.109E+2	5.22789E+0	5.714172E+2
 	2.107E+2	5.22904E+0	5.724797E+2
 	2.106E+2	5.2298E+0	5.735423E+2
 	2.104E+2	5.23087E+0	5.746048E+2
 	2.102E+2	5.23213E+0	5.756673E+2
 	2.101E+2	5.23326E+0	5.767298E+2
 	2.099E+2	5.23439E+0	5.777923E+2
 	2.097E+2	5.23501E+0	5.788705E+2
 	2.096E+2	5.23627E+0	5.79933E+2
 	2.094E+2	5.23706E+0	5.810112E+2
 	2.093E+2	5.2382E+0	5.820737E+2
 	2.091E+2	5.23918E+0	5.831362E+2
 	2.09E+2	5.24007E+0	5.841987E+2
 	2.088E+2	5.24116E+0	5.852769E+2
 	2.087E+2	5.2421E+0	5.863394E+2
 	2.085E+2	5.24305E+0	5.874019E+2
 	2.084E+2	5.24405E+0	5.884644E+2
 	2.082E+2	5.24533E+0	5.895426E+2
 	2.081E+2	5.24596E+0	5.906051E+2
 	2.079E+2	5.24721E+0	5.916676E+2
 	2.077E+2	5.24801E+0	5.927301E+2
 	2.076E+2	5.24902E+0	5.938083E+2
 	2.074E+2	5.2504E+0	5.948708E+2
 	2.073E+2	5.25109E+0	5.959333E+2
 	2.07E+2	5.25303E+0	5.969958E+2
 	2.068E+2	5.25431E+0	5.980584E+2
 	2.065E+2	5.25547E+0	5.991209E+2
 	2.062E+2	5.25769E+0	6.001834E+2
 	2.059E+2	5.25948E+0	6.012615E+2
 	2.057E+2	5.26106E+0	6.023241E+2
 	2.054E+2	5.26324E+0	6.033866E+2
 	2.052E+2	5.26437E+0	6.044491E+2
 	2.049E+2	5.26643E+0	6.055116E+2
 	2.046E+2	5.26766E+0	6.065741E+2
 	2.044E+2	5.26964E+0	6.076523E+2
 	2.041E+2	5.27123E+0	6.087148E+2
 	2.039E+2	5.27307E+0	6.097773E+2
 	2.037E+2	5.27435E+0	6.108399E+2
 	2.034E+2	5.27641E+0	6.11918E+2
 	2.031E+2	5.27775E+0	6.129805E+2
 	2.029E+2	5.27963E+0	6.14043E+2
 	2.026E+2	5.28096E+0	6.151056E+2
 	2.024E+2	5.28283E+0	6.161681E+2
 	2.022E+2	5.28429E+0	6.172306E+2
 	2.019E+2	5.28624E+0	6.182931E+2
 	2.016E+2	5.28782E+0	6.193713E+2
 	2.014E+2	5.28961E+0	6.204338E+2
 	2.012E+2	5.29123E+0	6.214963E+2
 	2.01E+2	5.293E+0	6.225745E+2
 	2.007E+2	5.29413E+0	6.23637E+2
 	2.004E+2	5.29609E+0	6.246995E+2
 	2.002E+2	5.29752E+0	6.25762E+2
 	2E+2	5.29942E+0	6.268245E+2
 	1.998E+2	5.3011E+0	6.278871E+2
 	1.996E+2	5.30274E+0	6.289496E+2
 	1.993E+2	5.30416E+0	6.300121E+2
 	1.99E+2	5.30583E+0	6.310902E+2
 	1.988E+2	5.30738E+0	6.321528E+2
 	1.986E+2	5.30914E+0	6.332153E+2
 	1.984E+2	5.31047E+0	6.342934E+2
 	1.982E+2	5.31172E+0	6.353559E+2
 	1.98E+2	5.31385E+0	6.364185E+2
 	1.978E+2	5.31552E+0	6.37481E+2
 	1.975E+2	5.31695E+0	6.385435E+2
 	1.973E+2	5.31839E+0	6.39606E+2
 	1.971E+2	5.32019E+0	6.406686E+2
 	1.969E+2	5.32141E+0	6.417311E+2
 	1.967E+2	5.32298E+0	6.427936E+2
 	1.964E+2	5.3242E+0	6.438717E+2
 	1.962E+2	5.32568E+0	6.449343E+2
 	1.96E+2	5.32749E+0	6.459968E+2
 	1.958E+2	5.32901E+0	6.470749E+2
 	1.956E+2	5.33069E+0	6.481374E+2
 	1.954E+2	5.33168E+0	6.492E+2
 	1.952E+2	5.33336E+0	6.502625E+2
 	1.949E+2	5.33458E+0	6.513406E+2
 	1.947E+2	5.33604E+0	6.524032E+2
 	1.945E+2	5.3379E+0	6.534657E+2
 	1.944E+2	5.33917E+0	6.545282E+2
 	1.942E+2	5.3404E+0	6.556063E+2
 	1.94E+2	5.34152E+0	6.566689E+2
 	1.937E+2	5.34321E+0	6.577314E+2
 	1.935E+2	5.34459E+0	6.587939E+2
 	1.933E+2	5.34643E+0	6.59872E+2
 	1.931E+2	5.34772E+0	6.609346E+2
 	1.929E+2	5.34907E+0	6.619971E+2
 	1.928E+2	5.35042E+0	6.630596E+2
 	1.925E+2	5.35193E+0	6.641221E+2
 	1.923E+2	5.3532E+0	6.651846E+2
 	1.922E+2	5.35436E+0	6.662472E+2
 	1.92E+2	5.35568E+0	6.673097E+2
 	1.918E+2	5.35772E+0	6.683878E+2
 	1.916E+2	5.35866E+0	6.694504E+2
 	1.914E+2	5.36019E+0	6.705129E+2
 	1.912E+2	5.36122E+0	6.715754E+2
 	1.91E+2	5.36269E+0	6.726535E+2
 	1.908E+2	5.36415E+0	6.737161E+2
 	1.907E+2	5.36567E+0	6.747786E+2
 	1.905E+2	5.36661E+0	6.758411E+2
 	1.903E+2	5.36794E+0	6.769036E+2
 	1.901E+2	5.36912E+0	6.779818E+2
 	1.899E+2	5.37062E+0	6.790443E+2
 	1.897E+2	5.37178E+0	6.801068E+2
 	1.896E+2	5.37264E+0	6.81185E+2
 	1.894E+2	5.37412E+0	6.822475E+2
 	1.892E+2	5.37575E+0	6.8331E+2
 	1.89E+2	5.37738E+0	6.843881E+2
 	1.888E+2	5.37829E+0	6.854507E+2
 	1.887E+2	5.3791E+0	6.865132E+2
 	1.885E+2	5.38074E+0	6.875757E+2
 	1.883E+2	5.38221E+0	6.886382E+2
 	1.881E+2	5.3826E+0	6.897007E+2
 	1.88E+2	5.38472E+0	6.907789E+2
 	1.878E+2	5.38533E+0	6.918414E+2
 	1.876E+2	5.38674E+0	6.929039E+2
 	1.875E+2	5.38834E+0	6.939821E+2
 	1.873E+2	5.38951E+0	6.950446E+2
 	1.871E+2	5.39069E+0	6.961384E+2
 	1.869E+2	5.392E+0	6.972009E+2
 	1.868E+2	5.39285E+0	6.98279E+2
 	1.866E+2	5.39422E+0	6.993416E+2
 	1.865E+2	5.39525E+0	7.004041E+2
 	1.863E+2	5.39661E+0	7.014666E+2
 	1.861E+2	5.39782E+0	7.025447E+2
 	1.86E+2	5.39877E+0	7.036073E+2
 	1.858E+2	5.39979E+0	7.046698E+2
 	1.857E+2	5.40125E+0	7.057323E+2
 	1.855E+2	5.40198E+0	7.068104E+2
 	1.853E+2	5.40339E+0	7.07873E+2
 	1.851E+2	5.40449E+0	7.089355E+2
 	1.85E+2	5.40591E+0	7.09998E+2
 	1.848E+2	5.40696E+0	7.110605E+2
 	1.847E+2	5.40824E+0	7.121387E+2
 	1.845E+2	5.40906E+0	7.132012E+2
 	1.844E+2	5.41014E+0	7.142637E+2
 	1.842E+2	5.41177E+0	7.153262E+2
 	1.84E+2	5.41262E+0	7.163888E+2
 	1.839E+2	5.41383E+0	7.174513E+2
 	1.838E+2	5.41464E+0	7.185138E+2
 	1.836E+2	5.4158E+0	7.195919E+2
 	1.835E+2	5.41708E+0	7.206545E+2
 	1.833E+2	5.4181E+0	7.21717E+2
 	1.831E+2	5.41908E+0	7.227951E+2
 	1.83E+2	5.42055E+0	7.238576E+2
 	1.829E+2	5.42145E+0	7.249202E+2
 	1.827E+2	5.42253E+0	7.259827E+2
 	1.826E+2	5.42406E+0	7.270452E+2
 	1.824E+2	5.42464E+0	7.281234E+2
 	1.822E+2	5.42554E+0	7.291859E+2
 	1.821E+2	5.42671E+0	7.302484E+2
 	1.82E+2	5.42801E+0	7.313109E+2
 	1.818E+2	5.42917E+0	7.323734E+2
 	1.817E+2	5.43019E+0	7.33436E+2
 	1.815E+2	5.43094E+0	7.344985E+2
 	1.814E+2	5.43228E+0	7.35561E+2
 	1.812E+2	5.43342E+0	7.366235E+2
 	1.811E+2	5.43436E+0	7.37686E+2
 	1.809E+2	5.43554E+0	7.387642E+2
 	1.808E+2	5.43635E+0	7.398267E+2
 	1.807E+2	5.43752E+0	7.408892E+2
 	1.805E+2	5.43834E+0	7.419517E+2
 	1.804E+2	5.43981E+0	7.430143E+2
 	1.803E+2	5.44049E+0	7.440768E+2
 	1.801E+2	5.44167E+0	7.451549E+2
 	1.8E+2	5.44258E+0	7.462175E+2
 	1.798E+2	5.44363E+0	7.4728E+2
 	1.797E+2	5.44457E+0	7.483425E+2
 	1.796E+2	5.44619E+0	7.49405E+2
 	1.794E+2	5.44682E+0	7.504832E+2
 	1.793E+2	5.44822E+0	7.515457E+2
 	1.791E+2	5.44961E+0	7.526082E+2
 	1.788E+2	5.45105E+0	7.536707E+2
 	1.786E+2	5.45287E+0	7.547332E+2
 	1.783E+2	5.45509E+0	7.558114E+2
 	1.78E+2	5.45714E+0	7.568739E+2
 	1.777E+2	5.45928E+0	7.579364E+2
 	1.774E+2	5.4612E+0	7.589989E+2
 	1.772E+2	5.46344E+0	7.600615E+2
 	1.768E+2	5.46522E+0	7.611396E+2
 	1.766E+2	5.46717E+0	7.622021E+2
 	1.763E+2	5.46952E+0	7.632647E+2
 	1.76E+2	5.4719E+0	7.643428E+2
 	1.758E+2	5.47366E+0	7.654053E+2
 	1.755E+2	5.47575E+0	7.664678E+2
 	1.752E+2	5.47767E+0	7.675304E+2
 	1.749E+2	5.47983E+0	7.686085E+2
 	1.747E+2	5.48178E+0	7.697179E+2
 	1.745E+2	5.4842E+0	7.70796E+2
 	1.742E+2	5.48598E+0	7.718586E+2
 	1.739E+2	5.48834E+0	7.729211E+2
 	1.737E+2	5.49033E+0	7.739836E+2
 	1.734E+2	5.49193E+0	7.750618E+2
 	1.732E+2	5.49425E+0	7.761243E+2
 	1.729E+2	5.49621E+0	7.771868E+2
 	1.727E+2	5.49817E+0	7.782493E+2
 	1.724E+2	5.50011E+0	7.793275E+2
 	1.721E+2	5.5025E+0	7.8039E+2
 	1.719E+2	5.50473E+0	7.814525E+2
 	1.717E+2	5.50624E+0	7.82515E+2
 	1.714E+2	5.50809E+0	7.835775E+2
 	1.712E+2	5.51022E+0	7.846401E+2
 	1.709E+2	5.51205E+0	7.857026E+2
 	1.707E+2	5.51441E+0	7.867807E+2
 	1.704E+2	5.51628E+0	7.878433E+2
 	1.702E+2	5.51811E+0	7.889214E+2
 	1.7E+2	5.51982E+0	7.899839E+2
 	1.697E+2	5.52191E+0	7.910464E+2
 	1.695E+2	5.52416E+0	7.92109E+2
 	1.692E+2	5.52614E+0	7.931871E+2
 	1.69E+2	5.52823E+0	7.942496E+2
 	1.688E+2	5.53008E+0	7.953121E+2
 	1.686E+2	5.53195E+0	7.963747E+2
 	1.683E+2	5.53407E+0	7.974372E+2
 	1.681E+2	5.53607E+0	7.984997E+2
 	1.678E+2	5.53816E+0	7.995779E+2
 	1.676E+2	5.53992E+0	8.006404E+2
 	1.674E+2	5.5416E+0	8.017029E+2
 	1.672E+2	5.54354E+0	8.027654E+2
 	1.669E+2	5.54571E+0	8.038279E+2
 	1.667E+2	5.54737E+0	8.048905E+2
 	1.664E+2	5.54925E+0	8.059686E+2
 	1.662E+2	5.55095E+0	8.070311E+2
 	1.66E+2	5.55278E+0	8.080936E+2
 	1.658E+2	5.55457E+0	8.091718E+2
 	1.655E+2	5.55654E+0	8.102343E+2
 	1.653E+2	5.55861E+0	8.112968E+2
 	1.651E+2	5.5601E+0	8.123593E+2
 	1.649E+2	5.56245E+0	8.134375E+2
 	1.646E+2	5.56412E+0	8.145E+2
 	1.644E+2	5.56561E+0	8.155625E+2
 	1.642E+2	5.56785E+0	8.166251E+2
 	1.64E+2	5.56968E+0	8.176876E+2
 	1.637E+2	5.57153E+0	8.187657E+2
 	1.635E+2	5.57315E+0	8.198282E+2
 	1.633E+2	5.57541E+0	8.208908E+2
 	1.631E+2	5.57693E+0	8.219533E+2
 	1.629E+2	5.57887E+0	8.230158E+2
 	1.627E+2	5.58061E+0	8.240939E+2
 	1.624E+2	5.58209E+0	8.251565E+2
 	1.622E+2	5.58386E+0	8.26219E+2
 	1.62E+2	5.58625E+0	8.272815E+2
 	1.618E+2	5.58765E+0	8.28344E+2
 	1.616E+2	5.58937E+0	8.294065E+2
 	1.614E+2	5.59124E+0	8.304691E+2
 	1.611E+2	5.59292E+0	8.315472E+2
 	1.609E+2	5.59515E+0	8.326097E+2
 	1.607E+2	5.59688E+0	8.336723E+2
 	1.605E+2	5.5984E+0	8.347504E+2
 	1.603E+2	5.60024E+0	8.358129E+2
 	1.601E+2	5.60177E+0	8.368754E+2
 	1.599E+2	5.60382E+0	8.379536E+2
 	1.597E+2	5.60522E+0	8.390161E+2
 	1.595E+2	5.60673E+0	8.400786E+2
 	1.593E+2	5.60899E+0	8.411411E+2
 	1.591E+2	5.61069E+0	8.422037E+2
 	1.589E+2	5.61208E+0	8.432662E+2
 	1.586E+2	5.61412E+0	8.443287E+2
 	1.584E+2	5.61604E+0	8.454069E+2
 	1.582E+2	5.61797E+0	8.464694E+2
 	1.58E+2	5.61922E+0	8.475319E+2
 	1.578E+2	5.62131E+0	8.485944E+2
 	1.576E+2	5.62255E+0	8.496569E+2
 	1.574E+2	5.62502E+0	8.507195E+2
 	1.572E+2	5.62637E+0	8.518132E+2
 	1.57E+2	5.62812E+0	8.528758E+2
 	1.568E+2	5.6298E+0	8.539383E+2
 	1.566E+2	5.63141E+0	8.550008E+2
 	1.565E+2	5.63316E+0	8.560633E+2
 	1.563E+2	5.63503E+0	8.571258E+2
 	1.56E+2	5.63636E+0	8.58204E+2
 	1.558E+2	5.63834E+0	8.592665E+2
 	1.556E+2	5.63993E+0	8.60329E+2
 	1.555E+2	5.64188E+0	8.613915E+2
 	1.553E+2	5.64339E+0	8.624541E+2
 	1.551E+2	5.64529E+0	8.635322E+2
 	1.548E+2	5.6469E+0	8.645947E+2
 	1.546E+2	5.6481E+0	8.656572E+2
 	1.545E+2	5.65019E+0	8.667198E+2
 	1.543E+2	5.65177E+0	8.677823E+2
 	1.541E+2	5.65314E+0	8.688604E+2
 	1.539E+2	5.65496E+0	8.69923E+2
 	1.537E+2	5.65679E+0	8.709855E+2
 	1.535E+2	5.65834E+0	8.72048E+2
 	1.533E+2	5.65993E+0	8.731261E+2
 	1.531E+2	5.66183E+0	8.741887E+2
 	1.529E+2	5.66332E+0	8.752512E+2
 	1.528E+2	5.66496E+0	8.763137E+2
 	1.525E+2	5.66693E+0	8.773762E+2
 	1.524E+2	5.66822E+0	8.784387E+2
 	1.522E+2	5.67021E+0	8.795013E+2
 	1.52E+2	5.67153E+0	8.805638E+2
 	1.518E+2	5.67377E+0	8.816419E+2
 	1.516E+2	5.67465E+0	8.827044E+2
 	1.514E+2	5.6768E+0	8.83767E+2
 	1.512E+2	5.67857E+0	8.848295E+2
 	1.511E+2	5.68014E+0	8.859076E+2
 	1.509E+2	5.68186E+0	8.869702E+2
 	1.507E+2	5.6833E+0	8.880327E+2
 	1.505E+2	5.68487E+0	8.890952E+2
 	1.503E+2	5.68654E+0	8.901733E+2
 	1.501E+2	5.68807E+0	8.912359E+2
 	1.5E+2	5.68952E+0	8.922984E+2
 	1.498E+2	5.69148E+0	8.933765E+2
 	1.496E+2	5.69296E+0	8.94439E+2
 	1.494E+2	5.69467E+0	8.955016E+2
 	1.492E+2	5.69591E+0	8.965641E+2
 	1.49E+2	5.69779E+0	8.976266E+2
 	1.489E+2	5.69947E+0	8.987048E+2
 	1.487E+2	5.70131E+0	8.997673E+2
 	1.485E+2	5.7026E+0	9.008298E+2
 	1.484E+2	5.7039E+0	9.018923E+2
 	1.482E+2	5.70551E+0	9.029548E+2
 	1.48E+2	5.70735E+0	9.04033E+2
 	1.478E+2	5.70909E+0	9.050955E+2
 	1.476E+2	5.71035E+0	9.06158E+2
 	1.475E+2	5.71213E+0	9.072205E+2
 	1.473E+2	5.71383E+0	9.082831E+2
 	1.471E+2	5.71552E+0	9.093456E+2
 	1.469E+2	5.71674E+0	9.104081E+2
 	1.468E+2	5.71827E+0	9.114863E+2
 	1.466E+2	5.7202E+0	9.125488E+2
 	1.464E+2	5.72202E+0	9.136113E+2
 	1.463E+2	5.7234E+0	9.146738E+2
 	1.461E+2	5.72492E+0	9.157363E+2
 	1.459E+2	5.72636E+0	9.167989E+2
 	1.457E+2	5.72801E+0	9.178614E+2
 	1.456E+2	5.7296E+0	9.189239E+2
 	1.454E+2	5.73099E+0	9.199864E+2
 	1.452E+2	5.73237E+0	9.210646E+2
 	1.451E+2	5.73437E+0	9.221271E+2
 	1.449E+2	5.73588E+0	9.231896E+2
 	1.447E+2	5.73737E+0	9.242677E+2
 	1.446E+2	5.7392E+0	9.253303E+2
 	1.444E+2	5.74076E+0	9.263928E+2
 	1.442E+2	5.74219E+0	9.274553E+2
 	1.441E+2	5.74376E+0	9.285178E+2
 	1.438E+2	5.74537E+0	9.295803E+2
 	1.437E+2	5.74665E+0	9.306585E+2
 	1.435E+2	5.74862E+0	9.31721E+2
 	1.434E+2	5.74984E+0	9.327992E+2
 	1.432E+2	5.7514E+0	9.338617E+2
 	1.431E+2	5.75294E+0	9.349242E+2
 	1.429E+2	5.7546E+0	9.360023E+2
 	1.427E+2	5.75598E+0	9.370649E+2
 	1.426E+2	5.75726E+0	9.381274E+2
 	1.424E+2	5.7588E+0	9.391899E+2
 	1.422E+2	5.76072E+0	9.402524E+2
 	1.421E+2	5.76244E+0	9.413149E+2
 	1.419E+2	5.7636E+0	9.423775E+2
 	1.417E+2	5.76537E+0	9.434556E+2
 	1.416E+2	5.76664E+0	9.445181E+2
 	1.414E+2	5.76862E+0	9.455807E+2
 	1.413E+2	5.77003E+0	9.466588E+2
 	1.411E+2	5.77128E+0	9.477213E+2
 	1.409E+2	5.7731E+0	9.487838E+2
 	1.408E+2	5.77461E+0	9.498464E+2
 	1.406E+2	5.77587E+0	9.509089E+2
 	1.405E+2	5.77766E+0	9.519714E+2
 	1.403E+2	5.77906E+0	9.530339E+2
 	1.401E+2	5.78068E+0	9.540964E+2
 	1.4E+2	5.78213E+0	9.55159E+2
 	1.398E+2	5.78355E+0	9.562215E+2
 	1.397E+2	5.78539E+0	9.57284E+2
 	1.395E+2	5.78665E+0	9.583622E+2
 	1.394E+2	5.78802E+0	9.594247E+2
 	1.392E+2	5.78966E+0	9.604872E+2
 	1.391E+2	5.79112E+0	9.615497E+2
 	1.389E+2	5.79254E+0	9.626122E+2
 	1.387E+2	5.79388E+0	9.636748E+2
 	1.386E+2	5.79573E+0	9.647529E+2
 	1.384E+2	5.79717E+0	9.658154E+2
 	1.383E+2	5.7985E+0	9.668779E+2
 	1.381E+2	5.8002E+0	9.679405E+2
 	1.38E+2	5.8013E+0	9.69003E+2
 	1.378E+2	5.80324E+0	9.700655E+2
 	1.377E+2	5.80425E+0	9.711436E+2
 	1.375E+2	5.80575E+0	9.722062E+2
 	1.374E+2	5.80771E+0	9.732687E+2
 	1.372E+2	5.80933E+0	9.743312E+2
 	1.371E+2	5.8104E+0	9.753937E+2
 	1.369E+2	5.81181E+0	9.764562E+2
 	1.368E+2	5.81339E+0	9.775344E+2
 	1.366E+2	5.81452E+0	9.785969E+2
 	1.365E+2	5.81624E+0	9.796594E+2
 	1.363E+2	5.81792E+0	9.80722E+2
 	1.362E+2	5.81945E+0	9.817845E+2
 	1.36E+2	5.82087E+0	9.828626E+2
 	1.359E+2	5.82253E+0	9.839251E+2
 	1.357E+2	5.82384E+0	9.849877E+2
 	1.356E+2	5.82528E+0	9.860502E+2
 	1.354E+2	5.82663E+0	9.871127E+2
 	1.353E+2	5.82802E+0	9.881752E+2
 	1.351E+2	5.82947E+0	9.892534E+2
 	1.35E+2	5.83106E+0	9.903159E+2
 	1.348E+2	5.83247E+0	9.913784E+2
 	1.347E+2	5.83403E+0	9.924409E+2
 	1.346E+2	5.83556E+0	9.935034E+2
 	1.344E+2	5.83718E+0	9.94566E+2
 	1.343E+2	5.8382E+0	9.956441E+2
 	1.341E+2	5.83967E+0	9.967066E+2
 	1.34E+2	5.84118E+0	9.977692E+2
 	1.338E+2	5.84289E+0	9.988317E+2
 	1.337E+2	5.84462E+0	9.998942E+2
 	1.336E+2	5.84523E+0	1.000957E+3
 	1.334E+2	5.84728E+0	1.002019E+3
 	1.332E+2	5.84824E+0	1.003082E+3
 	1.331E+2	5.8501E+0	1.004144E+3
 	1.33E+2	5.85137E+0	1.005222E+3
 	1.328E+2	5.85286E+0	1.006285E+3
 	1.327E+2	5.85377E+0	1.007347E+3
 	1.326E+2	5.85588E+0	1.00841E+3
 	1.324E+2	5.85729E+0	1.009473E+3
 	1.323E+2	5.85879E+0	1.010535E+3
 	1.321E+2	5.86008E+0	1.011598E+3
 	1.32E+2	5.8614E+0	1.01266E+3
 	1.319E+2	5.8628E+0	1.013738E+3
 	1.317E+2	5.8643E+0	1.014801E+3
 	1.316E+2	5.86596E+0	1.015863E+3
 	1.314E+2	5.86707E+0	1.016941E+3
 	1.313E+2	5.86918E+0	1.018004E+3
 	1.311E+2	5.86986E+0	1.019066E+3
 	1.31E+2	5.87136E+0	1.020129E+3
 	1.309E+2	5.8731E+0	1.021191E+3
 	1.307E+2	5.87426E+0	1.02227E+3
 	1.306E+2	5.87581E+0	1.023332E+3
 	1.304E+2	5.8774E+0	1.024395E+3
 	1.303E+2	5.87913E+0	1.025457E+3
 	1.301E+2	5.881E+0	1.02652E+3
 	1.299E+2	5.88363E+0	1.027582E+3
 	1.296E+2	5.88641E+0	1.02866E+3
 	1.293E+2	5.88895E+0	1.029723E+3
 	1.29E+2	5.8921E+0	1.030785E+3
 	1.287E+2	5.89503E+0	1.031848E+3
 	1.284E+2	5.89839E+0	1.032926E+3
 	1.282E+2	5.9021E+0	1.033989E+3
 	1.279E+2	5.90468E+0	1.035051E+3
 	1.275E+2	5.90812E+0	1.036114E+3
 	1.272E+2	5.91107E+0	1.037176E+3
 	1.269E+2	5.91459E+0	1.038239E+3
 	1.266E+2	5.9173E+0	1.039301E+3
 	1.263E+2	5.92089E+0	1.040364E+3
 	1.261E+2	5.9246E+0	1.041426E+3
 	1.257E+2	5.92789E+0	1.042489E+3
 	1.254E+2	5.93115E+0	1.043567E+3
 	1.251E+2	5.93486E+0	1.044629E+3
 	1.248E+2	5.93836E+0	1.045692E+3
 	1.245E+2	5.94192E+0	1.046754E+3
 	1.242E+2	5.9455E+0	1.047817E+3
 	1.238E+2	5.94904E+0	1.04888E+3
 	1.235E+2	5.95314E+0	1.049958E+3
 	1.232E+2	5.95632E+0	1.05102E+3
 	1.229E+2	5.96012E+0	1.052083E+3
 	1.225E+2	5.96408E+0	1.053145E+3
 	1.223E+2	5.96783E+0	1.054208E+3
 	1.219E+2	5.97163E+0	1.05527E+3
 	1.215E+2	5.97522E+0	1.056348E+3
 	1.212E+2	5.97884E+0	1.057411E+3
 	1.209E+2	5.98292E+0	1.058473E+3
 	1.206E+2	5.98716E+0	1.059536E+3
 	1.203E+2	5.99069E+0	1.060598E+3
 	1.2E+2	5.9943E+0	1.061677E+3
 	1.196E+2	5.9986E+0	1.062739E+3
 	1.193E+2	6.00242E+0	1.063802E+3
 	1.19E+2	6.00633E+0	1.064864E+3
 	1.186E+2	6.01007E+0	1.065927E+3
 	1.183E+2	6.01417E+0	1.067005E+3
 	1.18E+2	6.01817E+0	1.068067E+3
 	1.176E+2	6.0219E+0	1.06913E+3
 	1.173E+2	6.0262E+0	1.070192E+3
 	1.17E+2	6.03006E+0	1.071271E+3
 	1.167E+2	6.0339E+0	1.072333E+3
 	1.163E+2	6.03777E+0	1.073396E+3
 	1.16E+2	6.04176E+0	1.074458E+3
 	1.156E+2	6.04538E+0	1.07563E+3
 	1.153E+2	6.05056E+0	1.076693E+3
 	1.15E+2	6.05457E+0	1.077755E+3
 	1.147E+2	6.05852E+0	1.078818E+3
 	1.143E+2	6.06245E+0	1.079896E+3
 	1.14E+2	6.06638E+0	1.080958E+3
 	1.137E+2	6.07042E+0	1.082021E+3
 	1.134E+2	6.07467E+0	1.083099E+3
 	1.13E+2	6.07849E+0	1.084161E+3
 	1.127E+2	6.08306E+0	1.085224E+3
 	1.123E+2	6.08685E+0	1.086286E+3
 	1.121E+2	6.09093E+0	1.087349E+3
 	1.117E+2	6.09521E+0	1.088427E+3
 	1.114E+2	6.09915E+0	1.08949E+3
 	1.111E+2	6.10336E+0	1.090552E+3
 	1.108E+2	6.10758E+0	1.091615E+3
 	1.104E+2	6.11148E+0	1.092693E+3
 	1.101E+2	6.11567E+0	1.093755E+3
 	1.098E+2	6.11977E+0	1.094818E+3
 	1.095E+2	6.12434E+0	1.095943E+3
 	1.091E+2	6.12818E+0	1.097005E+3
 	1.088E+2	6.13259E+0	1.098084E+3
 	1.085E+2	6.13665E+0	1.099146E+3
 	1.082E+2	6.14084E+0	1.100209E+3
 	1.079E+2	6.14496E+0	1.101271E+3
 	1.076E+2	6.14914E+0	1.102349E+3
 	1.072E+2	6.15338E+0	1.103412E+3
 	1.069E+2	6.15752E+0	1.104474E+3
 	1.066E+2	6.16171E+0	1.105552E+3
 	1.063E+2	6.16612E+0	1.106615E+3
 	1.06E+2	6.16999E+0	1.107678E+3
 	1.057E+2	6.17434E+0	1.10874E+3
 	1.054E+2	6.1784E+0	1.109803E+3
 	1.05E+2	6.18287E+0	1.110865E+3
 	1.047E+2	6.1871E+0	1.111928E+3
 	1.044E+2	6.19053E+0	1.11299E+3
 	1.041E+2	6.1953E+0	1.114068E+3
 	1.038E+2	6.19968E+0	1.115131E+3
 	1.035E+2	6.20306E+0	1.116193E+3
 	1.031E+2	6.20753E+0	1.117271E+3
 	1.028E+2	6.21165E+0	1.118334E+3
 	1.025E+2	6.21628E+0	1.119396E+3
 	1.023E+2	6.22031E+0	1.120459E+3
 	1.02E+2	6.22395E+0	1.121522E+3
 	1.017E+2	6.22797E+0	1.122584E+3
 	1.013E+2	6.23177E+0	1.123662E+3
 	1.01E+2	6.23591E+0	1.124725E+3
 	1.007E+2	6.24006E+0	1.125787E+3
 	1.004E+2	6.24398E+0	1.12685E+3
 	1.001E+2	6.24817E+0	1.127912E+3
 	9.98E+1	6.25235E+0	1.12899E+3
 	9.95E+1	6.25676E+0	1.130053E+3
 	9.92E+1	6.26051E+0	1.131115E+3
 	9.89E+1	6.26462E+0	1.132178E+3
 	9.86E+1	6.2693E+0	1.133241E+3
 	9.83E+1	6.27309E+0	1.134303E+3
 	9.81E+1	6.27742E+0	1.135381E+3
 	9.77E+1	6.2815E+0	1.136444E+3
 	9.74E+1	6.28523E+0	1.137506E+3
 	9.72E+1	6.29032E+0	1.138569E+3
 	9.69E+1	6.29407E+0	1.139631E+3
 	9.66E+1	6.29852E+0	1.140709E+3
 	9.63E+1	6.30269E+0	1.141772E+3
 	9.6E+1	6.30648E+0	1.142834E+3
 	9.57E+1	6.31102E+0	1.143897E+3
 	9.54E+1	6.31498E+0	1.144975E+3
 	9.51E+1	6.31956E+0	1.146038E+3
 	9.49E+1	6.32422E+0	1.1471E+3
 	9.46E+1	6.32833E+0	1.148163E+3
 	9.43E+1	6.3327E+0	1.149225E+3
 	9.4E+1	6.33706E+0	1.150288E+3
 	9.37E+1	6.34154E+0	1.151366E+3
 	9.34E+1	6.34556E+0	1.152428E+3
 	9.31E+1	6.34996E+0	1.153491E+3
 	9.29E+1	6.35465E+0	1.154553E+3
 	9.26E+1	6.35851E+0	1.155616E+3
 	9.22E+1	6.36332E+0	1.156694E+3
 	9.2E+1	6.36774E+0	1.157757E+3
 	9.17E+1	6.37189E+0	1.158819E+3
 	9.14E+1	6.37583E+0	1.159882E+3
 	9.11E+1	6.38118E+0	1.160944E+3
 	9.09E+1	6.38549E+0	1.162022E+3
 	9.05E+1	6.3901E+0	1.1631E+3
 	9.02E+1	6.39472E+0	1.164163E+3
 	9E+1	6.3994E+0	1.165225E+3
 	8.97E+1	6.40292E+0	1.166288E+3
 	8.95E+1	6.40875E+0	1.167351E+3
 	8.92E+1	6.41332E+0	1.168413E+3
 	8.88E+1	6.41762E+0	1.169491E+3
 	8.86E+1	6.42237E+0	1.170554E+3
 	8.83E+1	6.42708E+0	1.171616E+3
 	8.8E+1	6.43135E+0	1.172679E+3
 	8.77E+1	6.4366E+0	1.173741E+3
 	8.75E+1	6.44107E+0	1.174819E+3
 	8.71E+1	6.44609E+0	1.175882E+3
 	8.68E+1	6.4507E+0	1.176944E+3
 	8.66E+1	6.45559E+0	1.178023E+3
 	8.63E+1	6.46024E+0	1.179085E+3
 	8.61E+1	6.46549E+0	1.180148E+3
 	8.58E+1	6.47031E+0	1.18121E+3
 	8.54E+1	6.47505E+0	1.182273E+3
 	8.52E+1	6.47987E+0	1.183335E+3
 	8.49E+1	6.48457E+0	1.184398E+3
 	8.46E+1	6.48952E+0	1.18546E+3
 	8.44E+1	6.49478E+0	1.186523E+3
 	8.41E+1	6.49969E+0	1.187601E+3
 	8.38E+1	6.50451E+0	1.188663E+3
 	8.35E+1	6.50958E+0	1.189726E+3
 	8.32E+1	6.51485E+0	1.190804E+3
 	8.3E+1	6.51882E+0	1.191867E+3
 	8.27E+1	6.52482E+0	1.192929E+3
 	8.24E+1	6.53013E+0	1.193992E+3
 	8.22E+1	6.53454E+0	1.195054E+3
 	8.18E+1	6.54026E+0	1.196117E+3
 	8.16E+1	6.54492E+0	1.197195E+3
 	8.13E+1	6.5505E+0	1.198257E+3
 	8.1E+1	6.55548E+0	1.19932E+3
 	8.08E+1	6.56063E+0	1.200382E+3
 	8.05E+1	6.56704E+0	1.201445E+3
 	8.02E+1	6.5726E+0	1.202507E+3
 	7.99E+1	6.57766E+0	1.203586E+3
 	7.97E+1	6.58262E+0	1.204648E+3
 	7.94E+1	6.58775E+0	1.205711E+3
 	7.91E+1	6.59336E+0	1.206773E+3
 	7.89E+1	6.59853E+0	1.207836E+3
 	7.85E+1	6.60362E+0	1.208898E+3
 	7.83E+1	6.6091E+0	1.209961E+3
 	7.8E+1	6.61439E+0	1.211039E+3
 	7.78E+1	6.61994E+0	1.212101E+3
 	7.75E+1	6.62462E+0	1.213164E+3
 	7.72E+1	6.63054E+0	1.214226E+3
 	7.69E+1	6.63596E+0	1.215289E+3
 	7.66E+1	6.64158E+0	1.216367E+3
 	7.64E+1	6.647E+0	1.21743E+3
 	7.61E+1	6.6521E+0	1.218492E+3
 	7.59E+1	6.65713E+0	1.219555E+3
 	7.56E+1	6.6633E+0	1.220617E+3
 	7.53E+1	6.66865E+0	1.22168E+3
 	7.51E+1	6.674E+0	1.222758E+3
 	7.48E+1	6.67981E+0	1.22382E+3
 	7.46E+1	6.68506E+0	1.224883E+3
 	7.43E+1	6.69001E+0	1.225945E+3
 	7.41E+1	6.69543E+0	1.227008E+3
 	7.37E+1	6.70124E+0	1.228086E+3
 	7.35E+1	6.70668E+0	1.229149E+3
 	7.32E+1	6.71256E+0	1.230211E+3
 	7.3E+1	6.71824E+0	1.231274E+3
 	7.27E+1	6.72376E+0	1.232336E+3
 	7.25E+1	6.7296E+0	1.233414E+3
 	7.23E+1	6.73528E+0	1.234477E+3
 	7.19E+1	6.74064E+0	1.235539E+3
 	7.17E+1	6.74679E+0	1.236602E+3
 	7.14E+1	6.75246E+0	1.237664E+3
 	7.12E+1	6.75801E+0	1.238727E+3
 	7.09E+1	6.76382E+0	1.239789E+3
 	7.07E+1	6.76963E+0	1.240868E+3
 	7.04E+1	6.77566E+0	1.24193E+3
 	7.01E+1	6.78129E+0	1.243008E+3
 	6.99E+1	6.78738E+0	1.244071E+3
 	6.97E+1	6.79322E+0	1.245133E+3
 	6.94E+1	6.79788E+0	1.246196E+3
 	6.92E+1	6.80483E+0	1.247258E+3
 	6.89E+1	6.81066E+0	1.248321E+3
 	6.86E+1	6.81663E+0	1.249383E+3
 	6.84E+1	6.82222E+0	1.250446E+3
 	6.82E+1	6.82853E+0	1.251508E+3
 	6.79E+1	6.83436E+0	1.252571E+3
 	6.77E+1	6.84005E+0	1.253649E+3
 	6.74E+1	6.84634E+0	1.254712E+3
 	6.71E+1	6.85239E+0	1.255774E+3
 	6.69E+1	6.85748E+0	1.256852E+3
 	6.66E+1	6.86486E+0	1.257915E+3
 	6.64E+1	6.87072E+0	1.258977E+3
 	6.62E+1	6.87734E+0	1.26004E+3
 	6.59E+1	6.88324E+0	1.261102E+3
 	6.57E+1	6.88923E+0	1.26218E+3
 	6.54E+1	6.89531E+0	1.263243E+3
 	6.52E+1	6.90196E+0	1.264306E+3
 	6.49E+1	6.90756E+0	1.265368E+3
 	6.47E+1	6.91428E+0	1.266431E+3
 	6.45E+1	6.92078E+0	1.267493E+3
 	6.42E+1	6.92712E+0	1.268556E+3
 	6.39E+1	6.93338E+0	1.269618E+3
 	6.37E+1	6.93974E+0	1.270696E+3
 	6.34E+1	6.94606E+0	1.271759E+3
 	6.32E+1	6.95216E+0	1.272821E+3
 	6.3E+1	6.95878E+0	1.273884E+3
 	6.27E+1	6.96533E+0	1.274946E+3
 	6.25E+1	6.97167E+0	1.276009E+3
 	6.22E+1	6.97802E+0	1.277134E+3
 	6.2E+1	6.98497E+0	1.278196E+3
 	6.18E+1	6.99134E+0	1.279259E+3
 	6.15E+1	6.998E+0	1.280337E+3
 	6.13E+1	7.00466E+0	1.2814E+3
 	6.1E+1	7.01124E+0	1.282462E+3
 	6.08E+1	7.01792E+0	1.283525E+3
 	6.06E+1	7.02417E+0	1.284587E+3
 	6.03E+1	7.0311E+0	1.285665E+3
 	6.01E+1	7.03818E+0	1.286728E+3
 	5.98E+1	7.04477E+0	1.28779E+3
 	5.96E+1	7.05139E+0	1.288853E+3
 	5.94E+1	7.05818E+0	1.289931E+3
 	5.91E+1	7.0653E+0	1.290994E+3
 	5.89E+1	7.07179E+0	1.292056E+3
 	5.86E+1	7.0786E+0	1.293119E+3
 	5.84E+1	7.08549E+0	1.294181E+3
 	5.82E+1	7.09257E+0	1.295244E+3
 	5.8E+1	7.09938E+0	1.296322E+3
 	5.77E+1	7.1065E+0	1.297384E+3
 	5.75E+1	7.11353E+0	1.298447E+3
 	5.72E+1	7.12014E+0	1.299509E+3
 	5.7E+1	7.1273E+0	1.300572E+3
 	5.68E+1	7.13444E+0	1.30165E+3
 	5.65E+1	7.14192E+0	1.302713E+3
 	5.63E+1	7.1483E+0	1.303775E+3
 	5.61E+1	7.15573E+0	1.304838E+3
 	5.58E+1	7.16319E+0	1.305916E+3
 	5.56E+1	7.17071E+0	1.306978E+3
 	5.54E+1	7.17743E+0	1.308041E+3
 	5.52E+1	7.18525E+0	1.309103E+3
 	5.49E+1	7.19244E+0	1.310166E+3
 	5.47E+1	7.19979E+0	1.311228E+3
 	5.45E+1	7.20679E+0	1.312291E+3
 	5.42E+1	7.21417E+0	1.313369E+3
 	5.4E+1	7.22171E+0	1.314431E+3
 	5.38E+1	7.22937E+0	1.315494E+3
 	5.36E+1	7.23597E+0	1.316557E+3
 	5.34E+1	7.24374E+0	1.317619E+3
 	5.31E+1	7.2516E+0	1.318682E+3
 	5.29E+1	7.25877E+0	1.31976E+3
 	5.27E+1	7.26616E+0	1.320822E+3
 	5.24E+1	7.27335E+0	1.321885E+3
 	5.22E+1	7.28131E+0	1.322947E+3
 	5.2E+1	7.28867E+0	1.32401E+3
 	5.18E+1	7.29582E+0	1.325072E+3
 	5.16E+1	7.30336E+0	1.32615E+3
 	5.14E+1	7.31082E+0	1.327213E+3
 	5.11E+1	7.31811E+0	1.328276E+3
 	5.09E+1	7.32573E+0	1.329338E+3
 	5.07E+1	7.33363E+0	1.330401E+3
 	5.05E+1	7.34108E+0	1.331463E+3
 	5.02E+1	7.34929E+0	1.332526E+3
 	5E+1	7.35706E+0	1.333604E+3
 	4.98E+1	7.36536E+0	1.334666E+3
 	4.96E+1	7.37335E+0	1.335729E+3
 	4.94E+1	7.38194E+0	1.336791E+3
 	4.91E+1	7.38955E+0	1.337854E+3
 	4.89E+1	7.39768E+0	1.338916E+3
 	4.87E+1	7.40619E+0	1.339994E+3
 	4.84E+1	7.41466E+0	1.341057E+3
 	4.82E+1	7.42287E+0	1.34212E+3
 	4.8E+1	7.43096E+0	1.343182E+3
 	4.78E+1	7.44002E+0	1.344245E+3
 	4.76E+1	7.44795E+0	1.345307E+3
 	4.73E+1	7.45633E+0	1.346385E+3
 	4.71E+1	7.46507E+0	1.347448E+3
 	4.69E+1	7.47368E+0	1.34851E+3
 	4.67E+1	7.48252E+0	1.349573E+3
 	4.64E+1	7.49048E+0	1.350651E+3
 	4.63E+1	7.49957E+0	1.351713E+3
 	4.6E+1	7.50868E+0	1.352776E+3
 	4.57E+1	7.51737E+0	1.353854E+3
 	4.56E+1	7.52567E+0	1.354917E+3
 	4.53E+1	7.53491E+0	1.355979E+3
 	4.51E+1	7.5444E+0	1.357042E+3
 	4.49E+1	7.55321E+0	1.358104E+3
 	4.46E+1	7.56153E+0	1.359167E+3
 	4.45E+1	7.57028E+0	1.360229E+3
 	4.42E+1	7.58003E+0	1.361307E+3
 	4.4E+1	7.58937E+0	1.36237E+3
 	4.38E+1	7.59822E+0	1.363432E+3
 	4.36E+1	7.60772E+0	1.364495E+3
 	4.33E+1	7.61744E+0	1.365557E+3
 	4.31E+1	7.62652E+0	1.36662E+3
 	4.29E+1	7.63547E+0	1.367698E+3
 	4.27E+1	7.64472E+0	1.368761E+3
 	4.25E+1	7.65542E+0	1.369823E+3
 	4.23E+1	7.66941E+0	1.370886E+3
 	4.19E+1	7.68616E+0	1.371964E+3
 	4.15E+1	7.70326E+0	1.373026E+3
 	4.11E+1	7.72016E+0	1.374089E+3
 	4.08E+1	7.73569E+0	1.375151E+3
 	4.05E+1	7.75146E+0	1.376214E+3
 	4.01E+1	7.76845E+0	1.377292E+3
 	3.98E+1	7.7851E+0	1.378355E+3
 	3.94E+1	7.80193E+0	1.379417E+3
 	3.91E+1	7.81998E+0	1.38048E+3
 	3.88E+1	7.83827E+0	1.381542E+3
 	3.84E+1	7.85568E+0	1.38262E+3
 	3.81E+1	7.87346E+0	1.383683E+3
 	3.78E+1	7.89254E+0	1.384745E+3
 	3.74E+1	7.91133E+0	1.385808E+3
 	3.7E+1	7.92652E+0	1.38687E+3
 	3.67E+1	7.94922E+0	1.387933E+3
 	3.64E+1	7.97012E+0	1.389011E+3
 	3.6E+1	7.99037E+0	1.390074E+3
 	3.57E+1	8.00923E+0	1.391136E+3
 	3.53E+1	8.03109E+0	1.392199E+3
 	3.5E+1	8.05249E+0	1.393277E+3
 	3.46E+1	8.07264E+0	1.394339E+3
 	3.43E+1	8.09544E+0	1.395402E+3
 	3.4E+1	8.11801E+0	1.396464E+3
 	3.36E+1	8.14125E+0	1.397542E+3
 	3.32E+1	8.16204E+0	1.398605E+3
 	3.29E+1	8.18601E+0	1.399683E+3
 	3.26E+1	8.21039E+0	1.400746E+3
 	3.23E+1	8.23321E+0	1.401808E+3
 	3.2E+1	8.25765E+0	1.402871E+3
 	3.16E+1	8.28324E+0	1.403933E+3
 	3.12E+1	8.30961E+0	1.404996E+3
 	3.09E+1	8.33319E+0	1.406058E+3
 	3.06E+1	8.35878E+0	1.407121E+3
 	3.03E+1	8.3865E+0	1.408199E+3
 	2.99E+1	8.41365E+0	1.409261E+3
 	2.96E+1	8.43921E+0	1.410324E+3
 	2.93E+1	8.46803E+0	1.411386E+3
 	2.89E+1	8.49835E+0	1.412449E+3
 	2.86E+1	8.52719E+0	1.413527E+3
 	2.84E+1	8.55272E+0	1.41459E+3
 	2.81E+1	8.58418E+0	1.415652E+3
 	2.78E+1	8.61515E+0	1.416715E+3
 	2.74E+1	8.64373E+0	1.417777E+3
 	2.71E+1	8.67478E+0	1.418855E+3
 	2.69E+1	8.70765E+0	1.419918E+3
 	2.66E+1	8.74089E+0	1.42098E+3
 	2.63E+1	8.77104E+0	1.422043E+3
 	2.61E+1	8.79909E+0	1.423105E+3
 	2.59E+1	8.83367E+0	1.424168E+3
 	2.56E+1	8.86762E+0	1.42523E+3
 	2.54E+1	8.89691E+0	1.426309E+3
 	2.52E+1	8.9299E+0	1.427371E+3
 	2.5E+1	8.96467E+0	1.428434E+3
 	2.49E+1	9.00127E+0	1.429496E+3
 	2.47E+1	9.04395E+0	1.430559E+3
 	2.43E+1	9.10275E+0	1.431621E+3
 	2.37E+1	9.19621E+0	1.432684E+3
 	2.31E+1	9.28415E+0	1.433746E+3
 	2.24E+1	9.35909E+0	1.434809E+3
 	2.18E+1	9.43681E+0	1.435871E+3
 	2.12E+1	9.51697E+0	1.436934E+3
 	2.04E+1	9.59789E+0	1.438012E+3
 	1.99E+1	9.66571E+0	1.439075E+3
 	1.95E+1	9.72597E+0	1.440137E+3
 	1.9E+1	9.80428E+0	1.4412E+3
 	1.85E+1	9.87669E+0	1.442262E+3
 	1.81E+1	9.92941E+0	1.443325E+3
 	1.78E+1	9.99124E+0	1.444387E+3
 	1.74E+1	1.00539E+1	1.445465E+3
 	1.71E+1	1.0117E+1	1.446528E+3
 	1.68E+1	1.01583E+1	1.44759E+3
 	1.66E+1	1.01767E+1	1.448668E+3
 	1.65E+1	1.02348E+1	1.449731E+3
 	1.62E+1	1.02818E+1	1.450793E+3
 	1.59E+1	1.03112E+1	1.451856E+3
 	1.59E+1	1.03257E+1	1.452919E+3
 	1.57E+1	1.0373E+1	1.453997E+3
 	1.55E+1	1.04072E+1	1.455059E+3
 	1.54E+1	1.04397E+1	1.456122E+3
 	1.53E+1	1.04355E+1	1.457184E+3
 	1.53E+1	1.04371E+1	1.458262E+3
 	1.52E+1	1.04737E+1	1.459325E+3
 	1.5E+1	1.0508E+1	1.460387E+3
 	1.49E+1	1.05137E+1	1.46145E+3
 	1.49E+1	1.05097E+1	1.462512E+3
 	1.49E+1	1.05449E+1	1.463575E+3
 	1.47E+1	1.05679E+1	1.464637E+3
 	1.46E+1	1.05936E+1	1.4657E+3
 	1.45E+1	1.0589E+1	1.466778E+3
 	1.45E+1	1.06192E+1	1.467841E+3
 	1.43E+1	1.06841E+1	1.468903E+3
 	1.4E+1	1.0719E+1	1.469966E+3
 	1.38E+1	1.07373E+1	1.471044E+3
 	1.37E+1	1.07753E+1	1.472106E+3
 	1.34E+1	1.0833E+1	1.473169E+3
 	1.31E+1	1.08529E+1	1.474231E+3
 	1.28E+1	1.08549E+1	1.475294E+3
 	1.25E+1	1.0832E+1	1.476356E+3
 	1.23E+1	1.0823E+1	1.477419E+3
 	1.22E+1	1.07656E+1	1.478497E+3
 	1.2E+1	1.07191E+1	1.47956E+3
 	1.19E+1	1.0689E+1	1.480622E+3
 	1.19E+1	1.07119E+1	1.4817E+3
 	1.19E+1	1.06607E+1	1.482763E+3
 	1.18E+1	1.06226E+1	1.483825E+3
 	1.17E+1	1.0576E+1	1.484904E+3
 	1.16E+1	1.05682E+1	1.485966E+3
 	1.16E+1	1.06303E+1	1.487029E+3
 	1.17E+1	1.06093E+1	1.488091E+3
 	1.16E+1	1.05467E+1	1.489154E+3
 	1.15E+1	1.05133E+1	1.490216E+3
 	1.15E+1	1.05336E+1	1.491279E+3
 	1.16E+1	1.05552E+1	1.492341E+3
 	1.15E+1	1.04834E+1	1.493404E+3
 	1.14E+1	1.04551E+1	1.494482E+3
 	1.14E+1	1.04143E+1	1.495544E+3
 	1.13E+1	1.04566E+1	1.496607E+3
 	1.15E+1	1.05277E+1	1.497669E+3
 	1.15E+1	1.04541E+1	1.498732E+3
 	1.14E+1	1.04079E+1	1.499794E+3
 	1.13E+1	1.03874E+1	1.500857E+3
 	1.13E+1	1.04435E+1	1.501935E+3
 	1.14E+1	1.04012E+1	1.502998E+3
 	1.13E+1	1.03629E+1	1.50406E+3
 	1.12E+1	1.03219E+1	1.505138E+3
 	1.12E+1	1.03079E+1	1.506201E+3
 	1.12E+1	1.03943E+1	1.507263E+3
 	1.13E+1	1.04169E+1	1.508326E+3
 	1.13E+1	1.0329E+1	1.509388E+3
 	1.12E+1	1.02891E+1	1.510451E+3
 	1.11E+1	1.0291E+1	1.511529E+3
 	1.12E+1	1.03542E+1	1.512592E+3
 	1.12E+1	1.02726E+1	1.513654E+3
 	1.11E+1	1.02486E+1	1.514717E+3
 	1.11E+1	1.02028E+1	1.515779E+3
 	1.1E+1	1.01328E+1	1.516842E+3
 	1.09E+1	1.01678E+1	1.51792E+3
 	1.1E+1	1.01165E+1	1.518982E+3
 	1.08E+1	1.00095E+1	1.520045E+3
 	1.08E+1	9.96552E+0	1.521107E+3
 	1.07E+1	9.99578E+0	1.52217E+3
 	1.08E+1	1.00404E+1	1.523232E+3
 	1.08E+1	9.93611E+0	1.524311E+3
 	1.07E+1	9.90751E+0	1.525373E+3
 	1.06E+1	9.84943E+0	1.526436E+3
 	1.06E+1	9.8315E+0	1.527498E+3
 	1.06E+1	9.79577E+0	1.528561E+3
 	1.05E+1	9.63219E+0	1.529623E+3
 	1.03E+1	9.52926E+0	1.530701E+3
 	1.03E+1	9.47756E+0	1.531764E+3
 	1.03E+1	9.5507E+0	1.532826E+3
 	1.03E+1	9.5148E+0	1.533889E+3
 	1.02E+1	9.42473E+0	1.534951E+3
 	1.02E+1	9.37804E+0	1.536014E+3
 	1.01E+1	9.34004E+0	1.537092E+3
 	1.02E+1	9.4326E+0	1.538155E+3
 	1.02E+1	9.49288E+0	1.539217E+3
 	1.02E+1	9.31203E+0	1.54028E+3
 	1.01E+1	9.2373E+0	1.541342E+3
 	1E+1	9.22182E+0	1.54242E+3
 	1.01E+1	9.3277E+0	1.543483E+3
 	1.01E+1	9.24971E+0	1.544561E+3
 	1E+1	9.18564E+0	1.545623E+3
 	1E+1	9.12992E+0	1.546686E+3
 	9.9E+0	9.01593E+0	1.547748E+3
 	9.9E+0	9.03394E+0	1.548811E+3
 	9.9E+0	9.03077E+0	1.549874E+3
 	9.8E+0	8.88018E+0	1.550952E+3
 	9.7E+0	8.8246E+0	1.552014E+3
 	9.7E+0	8.83111E+0	1.553077E+3
 	9.7E+0	8.92036E+0	1.554139E+3
 	9.8E+0	8.80451E+0	1.555202E+3
 	9.7E+0	8.77215E+0	1.556264E+3
 	9.6E+0	8.71128E+0	1.557327E+3
 	9.6E+0	8.72149E+0	1.558389E+3
 	9.7E+0	8.83997E+0	1.559467E+3
 	9.7E+0	8.69132E+0	1.56053E+3
 	9.6E+0	8.55964E+0	1.561592E+3
 	9.5E+0	8.50873E+0	1.562655E+3
 	9.4E+0	8.53844E+0	1.563733E+3
 	9.5E+0	8.5812E+0	1.564796E+3
 	9.5E+0	8.48003E+0	1.565858E+3
 	9.4E+0	8.45838E+0	1.566921E+3
 	9.4E+0	8.40957E+0	1.567983E+3
 	9.4E+0	8.46213E+0	1.569061E+3
 	9.4E+0	8.56961E+0	1.570124E+3
 	9.5E+0	8.47161E+0	1.571202E+3
 	9.4E+0	8.41998E+0	1.572265E+3
 	9.3E+0	8.38987E+0	1.573327E+3
 	9.4E+0	8.45857E+0	1.57439E+3
 	9.4E+0	8.45486E+0	1.575452E+3
 	9.4E+0	8.3742E+0	1.57653E+3
 	9.3E+0	8.34668E+0	1.577593E+3
 	9.3E+0	8.30793E+0	1.578655E+3
 	9.3E+0	8.28294E+0	1.579718E+3
 	9.2E+0	8.18288E+0	1.580796E+3
 	9.1E+0	8.05489E+0	1.581858E+3
 	9E+0	7.9854E+0	1.582937E+3
 	8.9E+0	7.96004E+0	1.583999E+3
 	8.9E+0	8.00792E+0	1.585062E+3
 	9E+0	7.97548E+0	1.586124E+3
 	8.9E+0	7.92335E+0	1.587187E+3
 	8.9E+0	7.89371E+0	1.588265E+3
 	8.8E+0	7.87454E+0	1.589327E+3
 	8.9E+0	7.93095E+0	1.59039E+3
 	8.9E+0	7.98225E+0	1.591452E+3
 	8.9E+0	7.90132E+0	1.592531E+3
 	8.8E+0	7.86473E+0	1.593593E+3
 	8.8E+0	7.86412E+0	1.594656E+3
 	8.8E+0	7.9178E+0	1.595734E+3
 	8.9E+0	7.86958E+0	1.596796E+3
 	8.8E+0	7.84775E+0	1.597859E+3
 	8.8E+0	7.81702E+0	1.598921E+3
 	8.8E+0	7.80871E+0	1.599984E+3
 	8.8E+0	7.88331E+0	1.601046E+3
 	8.9E+0	7.90804E+0	1.602125E+3
 	8.8E+0	7.83434E+0	1.603187E+3
 	8.8E+0	7.81371E+0	1.60425E+3
 	8.8E+0	7.8151E+0	1.605312E+3
 	8.8E+0	7.86683E+0	1.606375E+3
 	8.8E+0	7.8166E+0	1.607437E+3
 	8.8E+0	7.7997E+0	1.6085E+3
 	8.7E+0	7.76644E+0	1.609578E+3
 	8.7E+0	7.76548E+0	1.61064E+3
 	8.7E+0	7.83854E+0	1.611703E+3
 	8.8E+0	7.86176E+0	1.612765E+3
 	8.8E+0	7.78912E+0	1.613828E+3
 	8.7E+0	7.76525E+0	1.61489E+3
 	8.7E+0	7.7694E+0	1.615953E+3
 	8.7E+0	7.82452E+0	1.617031E+3
 	8.8E+0	7.77219E+0	1.618094E+3
 	8.7E+0	7.75569E+0	1.619156E+3
 	8.7E+0	7.72959E+0	1.620219E+3
 	8.7E+0	7.7265E+0	1.621297E+3
 	8.7E+0	7.79483E+0	1.622359E+3
 	8.7E+0	7.73681E+0	1.623422E+3
 	8.6E+0	7.61795E+0	1.624484E+3
 	8.5E+0	7.57493E+0	1.625547E+3
 	8.5E+0	7.57401E+0	1.626609E+3
 	8.5E+0	7.6067E+0	1.627688E+3
 	8.5E+0	7.54589E+0	1.62875E+3
 	8.4E+0	7.39992E+0	1.629813E+3
 	8.2E+0	7.32123E+0	1.630891E+3
 	8.1E+0	7.29504E+0	1.631953E+3
 	8.1E+0	7.32544E+0	1.633016E+3
 	8.2E+0	7.30649E+0	1.634078E+3
 	8.1E+0	7.25778E+0	1.635156E+3
 	8.1E+0	7.24037E+0	1.636219E+3
 	8.1E+0	7.25216E+0	1.637281E+3
 	8.1E+0	7.27196E+0	1.638344E+3
 	8.1E+0	7.23261E+0	1.639422E+3
 	8E+0	7.22315E+0	1.6405E+3
 	8E+0	7.19913E+0	1.641563E+3
 	8E+0	7.20988E+0	1.642625E+3
 	8E+0	7.23186E+0	1.643688E+3
 	7.9E+0	7.06774E+0	1.64475E+3
 	7.8E+0	6.98871E+0	1.645813E+3
 	7.7E+0	6.9585E+0	1.646875E+3
 	7.6E+0	6.95417E+0	1.647954E+3
 	7.7E+0	6.9618E+0	1.649016E+3
 	7.6E+0	6.92594E+0	1.650079E+3
 	7.6E+0	6.91291E+0	1.651141E+3
 	7.6E+0	6.89812E+0	1.652204E+3
 	7.6E+0	6.83533E+0	1.653266E+3
 	7.3E+0	6.70685E+0	1.654344E+3
 	7.2E+0	6.62793E+0	1.655407E+3
 	7.1E+0	6.59241E+0	1.656469E+3
 	7.1E+0	6.56872E+0	1.657532E+3
 	7E+0	6.57784E+0	1.65861E+3
 	7E+0	6.56713E+0	1.659672E+3
 	7E+0	6.55234E+0	1.660751E+3
 	7E+0	6.5426E+0	1.661813E+3
 	7E+0	6.53632E+0	1.662876E+3
 	7E+0	6.5498E+0	1.663938E+3
 	7E+0	6.56058E+0	1.665001E+3
 	7E+0	6.53498E+0	1.666063E+3
 	6.9E+0	6.42248E+0	1.667141E+3
 	6.7E+0	6.35411E+0	1.668204E+3
 	6.6E+0	6.31079E+0	1.669266E+3
 	6.6E+0	6.28644E+0	1.670329E+3
 	6.5E+0	6.27611E+0	1.671407E+3
 	6.5E+0	6.268E+0	1.67247E+3
 	6.5E+0	6.26478E+0	1.673532E+3
 	6.5E+0	6.27354E+0	1.674595E+3
 	6.5E+0	6.27229E+0	1.675657E+3
 	6.5E+0	6.26088E+0	1.676735E+3
 	6.5E+0	6.25569E+0	1.677798E+3
 	6.5E+0	6.25671E+0	1.67886E+3
 	6.5E+0	6.23002E+0	1.679923E+3
 	6.4E+0	6.17683E+0	1.680985E+3
 	6.3E+0	6.14611E+0	1.682048E+3
 	6.2E+0	6.09952E+0	1.68311E+3
 	6.2E+0	6.0913E+0	1.684173E+3
 	6.1E+0	6.09184E+0	1.685235E+3
 	6.1E+0	6.08927E+0	1.686298E+3
 	6.1E+0	6.08402E+0	1.687376E+3
 	6.1E+0	6.08144E+0	1.688439E+3
 	6.1E+0	6.08269E+0	1.689501E+3
 	6.1E+0	6.08273E+0	1.690579E+3
 	6.1E+0	6.07965E+0	1.691642E+3
 	6.1E+0	6.07566E+0	1.692704E+3
 	6.1E+0	6.01746E+0	1.693783E+3
 	5.9E+0	5.97415E+0	1.694845E+3
 	5.9E+0	5.96067E+0	1.695908E+3
 	5.8E+0	5.92777E+0	1.69697E+3
 	5.8E+0	5.90998E+0	1.698033E+3
 	5.7E+0	5.90565E+0	1.699111E+3
 	5.7E+0	5.90514E+0	1.700173E+3
 	5.7E+0	5.90418E+0	1.701236E+3
 	5.7E+0	5.90214E+0	1.702314E+3
 	5.7E+0	5.90046E+0	1.703376E+3
 	5.7E+0	5.89952E+0	1.704439E+3
 	5.7E+0	5.83238E+0	1.705501E+3
 	5.5E+0	5.77772E+0	1.706564E+3
 	5.4E+0	5.7607E+0	1.707627E+3
 	5.4E+0	5.75663E+0	1.708705E+3
 	5.4E+0	5.75575E+0	1.709767E+3
 	5.4E+0	5.75543E+0	1.71083E+3
 	5.4E+0	5.75436E+0	1.711892E+3
 	5.4E+0	5.75392E+0	1.71297E+3
 	5.4E+0	5.7539E+0	1.714033E+3
 	5.4E+0	5.75324E+0	1.715095E+3
 	5.4E+0	5.74277E+0	1.716158E+3
 	5.3E+0	5.66573E+0	1.71722E+3
 	5.1E+0	5.61023E+0	1.718283E+3
 	5E+0	5.59631E+0	1.719361E+3
 	5E+0	5.59246E+0	1.720424E+3
 	5E+0	5.59104E+0	1.721486E+3
 	4.9E+0	5.59006E+0	1.722549E+3
 	4.9E+0	5.58959E+0	1.723627E+3
 	4.9E+0	5.58928E+0	1.724689E+3
 	4.9E+0	5.58925E+0	1.725752E+3
 	4.9E+0	5.58927E+0	1.726814E+3
 	4.9E+0	5.58536E+0	1.727893E+3
 	4.9E+0	5.55556E+0	1.728955E+3
 	4.8E+0	5.52122E+0	1.730018E+3
 	4.7E+0	5.50563E+0	1.73108E+3
 	4.7E+0	5.50273E+0	1.732143E+3
 	4.7E+0	5.50021E+0	1.733221E+3
 	4.7E+0	5.49898E+0	1.734283E+3
 	4.7E+0	5.49378E+0	1.735346E+3
 	4.7E+0	5.481E+0	1.736408E+3
 	4.6E+0	5.46581E+0	1.737486E+3
 	4.6E+0	5.45228E+0	1.738549E+3
 	4.5E+0	5.43856E+0	1.739612E+3
 	4.5E+0	5.43209E+0	1.74069E+3
 	4.5E+0	5.42014E+0	1.741752E+3
 	4.5E+0	5.41346E+0	1.742815E+3
 	4.5E+0	5.407E+0	1.743877E+3
 	4.4E+0	5.40016E+0	1.74494E+3
 	4.4E+0	5.39765E+0	1.746018E+3
 	4.4E+0	5.39604E+0	1.74708E+3
 	4.4E+0	5.39546E+0	1.748143E+3
 	4.4E+0	5.39322E+0	1.749205E+3
 	4.4E+0	5.39526E+0	1.750284E+3
 	4.4E+0	5.39275E+0	1.751346E+3
 	4.4E+0	5.39146E+0	1.752409E+3
 	4.4E+0	5.38496E+0	1.753471E+3
 	4.4E+0	5.36983E+0	1.754549E+3
 	4.3E+0	5.36214E+0	1.755612E+3
 	4.3E+0	5.28447E+0	1.756674E+3
 	4.3E+0	5.28545E+0	1.757737E+3
 	4.3E+0	5.28667E+0	1.758799E+3
 	4.3E+0	5.28785E+0	1.759878E+3
 	4.3E+0	5.28943E+0	1.76094E+3
 	4.3E+0	5.28913E+0	1.762003E+3
 	4.3E+0	5.29052E+0	1.763065E+3
 	4.3E+0	5.29187E+0	1.764128E+3
 	4.3E+0	5.28998E+0	1.76519E+3
 	4.3E+0	5.29054E+0	1.766268E+3
 	4.3E+0	5.29168E+0	1.767331E+3
 	4.3E+0	5.2912E+0	1.768393E+3
 	4.3E+0	5.29074E+0	1.769456E+3
 	4.3E+0	5.2917E+0	1.770534E+3
 	4.3E+0	5.29169E+0	1.771597E+3
 	4.3E+0	5.28973E+0	1.772659E+3
 	4.3E+0	5.29147E+0	1.773722E+3
 	4.3E+0	5.29177E+0	1.774784E+3
 	4.3E+0	5.2905E+0	1.775847E+3
 	4.3E+0	5.28989E+0	1.776925E+3
 	4.3E+0	5.28917E+0	1.777987E+3
 	4.3E+0	5.28949E+0	1.77905E+3
 	4.3E+0	5.2888E+0	1.780112E+3
 	4.3E+0	5.28785E+0	1.781175E+3
 	4.3E+0	5.28926E+0	1.782253E+3
 	4.3E+0	5.28747E+0	1.783315E+3
 	4.3E+0	5.28727E+0	1.784394E+3
 	4.3E+0	5.28799E+0	1.785456E+3
